,dNch_deta_[60 70],dET_deta_[65. 70.],dN_dy_pion_[60 70],dN_dy_kaon_[60 70],dN_dy_proton_[60 70],dN_dy_Lambda_[40 60],dN_dy_Omega_[40 60],dN_dy_Xi_[40 60],mean_pT_pion_[60 70],mean_pT_kaon_[60 70],mean_pT_proton_[60 70],pT_fluct_[55 60],v22_[60 70],v32_[40 50],v42_[40 50]
0,70.20451671573746,61.349947903818546,65.45258095727303,12.193111251685986,3.6913735221699566,3.5227729359052673,0.10299366606851794,0.7307086386741467,0.46913813699243323,0.6963837423966427,1.037030297704529,0.03044211617046573,0.08269978642254738,0.023174340913178815,0.015285699548893339
1,71.76886978253407,70.41955481273648,66.93434293539173,12.435434737002947,3.6060226778795683,3.475057016042497,0.09888374739806735,0.6826710682831229,0.4782371127388313,0.7121648637458518,1.0545079461419706,0.04298055134607164,0.06485391191111393,0.03058249422486959,0.011433040515820394
2,66.92306377410726,59.327088165425735,62.120059417660244,11.533762243460485,3.442814097339919,3.1275694554455393,0.09840951898135811,0.6446091512093205,0.4803688882147584,0.7167479364699271,1.072765951757239,0.033898124210147464,0.0598131555337318,0.027271566668882825,0.011657005800783625
3,71.09880611880374,52.64742681028772,66.98329471732706,12.440591888523272,3.7036667783704043,4.215988609159236,0.12638585976726263,0.8344828367347255,0.44575141549905156,0.6499839073153052,0.9548881409428023,0.027968766954181327,0.08392208815250614,0.020364906156047517,0.00977499540923971
4,73.07862897222294,69.52882877151278,68.15999105718612,12.663274334497503,3.8400847937970237,3.6942190133200175,0.12979981106062727,0.7711672082025438,0.46961107616068837,0.6938727038721455,1.040406797534402,0.026090333221950687,0.07528829782470009,0.024699520756981147,0.015719387175498672
5,95.33561615890876,83.01985740204893,89.76504705076417,16.450971953923435,4.879254056387215,4.486400888591294,0.1496106415899193,0.871666847981855,0.45270655218189365,0.6662021232090408,0.9849675792158984,0.019313919907452102,0.08168061520540205,0.023259598441252687,0.008918496887644721
6,95.41540370667335,83.39334974523221,89.33228617819067,16.580706072775662,4.866894214223848,5.117189927809364,0.14270771030109775,1.004109334737207,0.4631940872933509,0.6851679328506165,1.0124882688976846,0.03304251531308002,0.08859565030508185,0.021181617964543868,0.015844578345471018
7,90.3726061229304,78.2443920795714,83.74681624408805,15.396358654085061,4.706099529401948,4.555570411980115,0.16929434565314974,0.9245696998291286,0.48734270993334033,0.7282627746495186,1.093307476581622,0.026244508785329787,0.08838907245074874,0.029094158921951947,0.011688776657178733
8,123.96267953609,117.17148582356337,114.0992186971073,21.165388028596954,6.255289499886828,4.742580384974655,0.12793325976857636,0.9558156435328813,0.5079817083445648,0.7626592657405048,1.1671703549302996,0.012872810094004592,0.08764952239433303,0.02755498036420739,0.011139882352509472
9,84.07642138493303,70.14833024853495,78.38679419103532,14.594832220913808,4.251126811626249,5.424110604520619,0.17623068512557666,1.0901168686400506,0.4688413819762927,0.6987186109019135,1.044220093339906,0.02440543345913238,0.08609580139783356,0.026077228153783195,0.00832364718823387
10,104.09352979420824,99.7257544100196,96.75968493845704,17.713350673595343,5.293232856430401,4.213580243373464,0.1368051946851779,0.8517356829716867,0.4836966955410997,0.7263266752559232,1.1015858587178373,0.041098734982025806,0.08247452456400813,0.019784544947347098,0.015999576263919613
11,88.30883666137383,81.02157463697831,83.10886097365565,15.20226210443475,4.4938600972014715,3.892394148604326,0.12341565714867372,0.7712028473023959,0.4537811098560853,0.6729541507063032,1.0062051710291198,0.01581903408052176,0.09679485968991057,0.023320188036365663,0.010256881742567017
12,43.2352315431351,37.39337685178914,40.488811555917216,7.57701717853069,2.4063189084501997,3.2127931361085262,0.10467366004512484,0.6644561615366461,0.44996203066896945,0.6595879568988082,0.9829488928180208,0.04309487047190086,0.05440027975866157,0.02296676110937437,0.010692934658484152
13,56.17176616945688,49.613553748816244,52.791242646379395,9.788174719253266,2.9948131176015704,3.917769710403461,0.12049972280301395,0.7438341637024716,0.45394619083132254,0.6703043863661237,0.9794966383590601,0.030990104938455634,0.06816413248143109,0.024324497431869065,0.01109355752924994
14,72.65653012211175,59.83276471879255,67.9337786110983,12.620293403539286,3.8371779222706097,3.4096887683416504,0.1115028303878532,0.704019540151109,0.4581601703199045,0.6799545467467755,1.0072624561518992,0.043827366262045024,0.0851942359506189,0.027434951085559826,0.01354725412564674
15,72.31107186218684,62.70861134322813,67.71784103637664,12.417484120321523,3.7355826177139178,4.32543722496086,0.14322078709335062,0.9234188407558516,0.46491983096949824,0.6900104335544925,1.0135570666271803,0.029259841919733208,0.07903137357002288,0.02565841918506873,0.010714375572625192
16,125.91613494799071,121.84857479692452,117.0365333587722,21.695490277857417,6.193475023151694,4.825913237507448,0.1419448747545652,0.9804741246796457,0.48479891010356196,0.7279054987320681,1.0835805646637782,0.02136599331772817,0.08765268323580781,0.02518134992763609,0.009781400321089921
17,114.00535980546307,104.9757852498154,106.02664409703793,19.65861477749883,5.680206508893262,4.403900810497125,0.13567966350520488,0.9045905324095903,0.4823223244399456,0.721811189406342,1.0916885686747433,0.02096675276977873,0.08611124187084084,0.026102055804586268,0.012455939691795792
18,124.53894471667631,131.15181425297516,115.98529797612737,21.41255940854692,6.183185753175738,4.272207968258633,0.12192545923041302,0.8380225087988219,0.4849730053994646,0.7308978564194324,1.098739592407786,0.016052110212652813,0.08691781191494988,0.022992527741499905,0.011675607365065515
19,94.5596554315437,89.45993992992244,88.266383007386,16.30566615331833,4.816335458022571,3.3492537634782784,0.09960836545188204,0.6795584850666035,0.4736096299403332,0.6997710871887757,1.0524260513589303,0.01403299634705825,0.078701754728919,0.025719350774305216,0.009095057567771224
20,72.2089375600093,66.72425580381486,67.55178922244546,12.534306824917394,3.7566069395447594,4.61243031514107,0.13926682956367026,0.8758976467799128,0.4648586375418009,0.6885639211625448,1.027844912839061,0.03967853851208356,0.07388248903165909,0.02683893148417916,0.011625423627074197
21,68.44099907033946,56.79689590053325,63.82708105829144,11.934187819240295,3.6404098142757046,4.266908838538672,0.13413697569158714,0.8019653738531296,0.46463475693168205,0.6915433218313378,1.0204228851215746,0.025061796283048547,0.0690461710027631,0.020489145518305676,0.008495933019712229
22,58.732998210142654,54.094762492835436,54.9326729396231,10.244643222950412,3.026772218869965,2.9411124940796283,0.08563637918809242,0.6359821354464672,0.46209137580735754,0.6801174583650579,1.0139363805012886,0.027957099695487972,0.06277431548616619,0.02522919026830871,0.009118249397409937
23,89.85313704897388,93.30729400189637,83.42897347889007,15.500082679576467,4.742658467765126,5.053453802129418,0.14881193464321427,0.959085303950453,0.4797322925219028,0.7147594817743691,1.0743669996373604,0.04466729988457155,0.0880688662657349,0.025237571094489035,0.012977100017836344
24,88.36473530726634,63.64957312710335,82.36395032501918,15.29320637362923,4.451357913736877,4.493733220925615,0.13893942967204861,0.920174422135156,0.4725334612693006,0.6979329188548911,1.045814593876279,0.014025843898297382,0.07766270551563266,0.024366014394104664,0.016830014159122993
25,99.56390384675673,88.32116809665713,92.58974813894093,17.17098324800008,4.982635686905719,6.002140481270499,0.1612938493145106,1.2017349128268404,0.4834169831867381,0.7203525415135581,1.077817923270969,0.0024821693340456572,0.07692240695784851,0.025877998543602412,0.017676753822091898
26,101.64175416928157,98.02402846863845,94.43002521630065,17.360126609211644,5.2255524867242285,4.693183989758789,0.1433545171976816,0.9502947084084732,0.4877795630952439,0.7347829299987119,1.0994103936273623,0.02046114238956608,0.09345341827662623,0.01821680969592766,0.015490431708009322
27,58.92110635855648,48.46525947931195,55.63316035441924,10.301037683435451,3.0883712008330706,3.171574210767435,0.09799896406015174,0.629298202313069,0.4401223113617894,0.6397105041512843,0.943171582862401,0.029139989819784284,0.08784144849924005,0.018002900923015888,0.007715266137034463
28,120.23128322586643,118.09401348270653,112.20102622357118,20.842446693994066,5.9859884891784585,5.330784727725557,0.17631315141328283,1.0481860562427765,0.4767986136507844,0.7090873679353469,1.0612540049101131,0.02369836537991266,0.07961299200140616,0.017804909158945267,0.008336342855778727
29,70.80371192746415,62.629484485801456,66.38318798130798,12.371038500112753,3.690266572273575,4.3511752037634155,0.12963138111957348,0.887793397324056,0.45835836593551493,0.6796403685130192,1.0007855478817456,0.0280688263134597,0.07308893208282133,0.026765097374790745,0.009666622887773185
30,72.1868651022466,64.59038556502794,68.24599262858293,12.559808503938513,3.717542289995165,3.898639346028371,0.11112680087740869,0.7921936020737461,0.44636333081518753,0.6546700456936443,0.9666103022674768,0.051659525025971154,0.08866230547971823,0.024647366081739695,0.008020164934954731
31,78.92977438569903,75.833828270041,73.27146334571634,13.534697918043758,4.22412930368859,4.126529545339785,0.13239932788106326,0.8246797375522663,0.4820436758152569,0.724557933941724,1.0846472547992336,0.04070582542931544,0.0765670894377903,0.036759972904382106,0.00996995581844041
32,94.51933077213539,76.2968237264877,88.15824215144953,16.436039552311687,4.800301725494365,4.607169622739474,0.13597236388568099,0.8598047910485243,0.4681124796434623,0.6967731180453707,1.0372197066268416,0.03217839082226401,0.08831411597505058,0.027549671231965996,0.013865029751507675
33,115.0571442172693,104.96995333156504,107.37005710562329,19.795648597844536,5.615080386393554,3.942474555693287,0.12221338368687255,0.7837325985409859,0.4755090644652878,0.7106589014345212,1.0684654306558137,0.019723361546501228,0.0866830189003507,0.024135980177091055,0.011990431347411186
34,96.99121696723226,84.65978837678173,89.67873375197111,16.701827021524863,5.003271683773464,4.255567313774835,0.13906723645676972,0.8883529645333427,0.49160343769094816,0.7403579076077758,1.1031093106268768,0.006508639848360737,0.09124457159840554,0.025476337416148177,0.01576153744212357
35,101.626515561012,97.94581370638934,94.49457150901817,17.552071235586055,5.108605212964299,4.642473923660918,0.13271319992926642,0.91301619472724,0.47938524246188896,0.7166947733952974,1.0753109152170568,0.030646811841155284,0.0785235628088658,0.02573849947931372,0.011859051478612275
36,103.27030197449288,88.27342299227357,95.90821070633291,17.6555733350125,5.294189646360687,4.5018603951980865,0.14312275420269524,0.9020450381401187,0.4849498851644279,0.7266758395340943,1.09456487029818,0.031546847650937605,0.07929231889922245,0.021521424445446115,0.015135932175042744
37,108.08577229104053,88.62549751605417,100.47465469951709,18.351035850305585,5.422624411598127,4.9846331986052075,0.16679086549703528,0.9651149194580351,0.48540343795310986,0.7298067550726887,1.1040436965650882,0.03213978337319864,0.06836940409544422,0.0208368922817215,0.015694113797499736
38,88.66423354537608,81.5791981831931,82.5835186036644,15.339402870773744,4.441395545687957,4.323693408976316,0.12963041825610358,0.8866311869618134,0.4775145400690431,0.714151249796052,1.0602163086340453,0.04675582525882398,0.08485893254599014,0.018113109186500692,0.012184996155032553
39,59.004931451880914,54.572687106245894,55.240643534783906,10.339938299752895,3.195434737890109,3.4118785809866146,0.11577695791205167,0.6675098453334002,0.4543224782549427,0.6636824992377267,0.9953145906604202,0.03937998527249262,0.07779409229293653,0.023026178174879335,0.015753671005762068
40,75.56980165749977,70.00946816288521,70.45055353143616,13.122080770477778,3.9092570938527715,3.487726076807448,0.10277064121640243,0.7023307777637923,0.4653075248045581,0.6857543617378359,1.0307897440654374,0.03088925614178256,0.07186737908770924,0.025258516959608044,0.014141121102909663
41,41.788210155857215,46.41671943148149,39.12932629462041,7.053262946204123,2.194353946706888,3.552683441405817,0.11988697501066428,0.7364216653012166,0.464799814459531,0.6897601547648644,0.9887659538691465,,0.032768317595294034,0.015423312097655233,0.010259105079736219
42,77.39285757980969,73.8716341811333,72.12350552772718,13.330655502515947,4.056083274656135,4.162513409599047,0.11626290307194564,0.7899371986021445,0.47640136317279924,0.7074241639759379,1.062256351121669,0.03337782112074454,0.08538965969557907,0.021815252842270955,0.014458570099236494
43,56.85506269658433,55.2802818152006,53.513703040281825,9.952970080732516,2.9742218538858594,4.136047527922997,0.11233983346634589,0.8709270820707341,0.4512139272330229,0.6590794849833868,0.9633526189318676,0.03612063739804249,0.06618998956591354,0.026560096383038734,0.01123620960888798
44,123.6008845312705,122.75869946375308,115.34244522889658,21.170273561957284,6.142052881144247,4.713114026282711,0.14130772311894665,0.9700528063123687,0.47650248073117163,0.7182992150327643,1.081766599717499,0.01750029745250278,0.10367820422576898,0.021206862626630546,0.015419149827005436
45,59.138086099928316,53.545657271694395,55.83166465331225,10.24280376706498,3.040145821381492,4.146492680853491,0.12084989683035367,0.813281120810417,0.4508849535316708,0.6609038550726268,0.9768369801374138,0.04824729996945317,0.07639104357267378,0.014855410048917033,0.014392167184165545
46,109.48824980254746,99.04515928504868,101.94323400740946,18.852451678261232,5.519301498120069,4.138834184501456,0.12665923717228086,0.8613215864900865,0.4796958753874705,0.7178419370442184,1.0754877769706044,0.028328258814700028,0.0723949153381741,0.02571059376819932,0.0108543148435339
47,114.07100858155827,108.20281349290198,106.30148348236811,19.57421080171182,5.7309010553201585,5.120592455707736,0.13542081236250617,1.087665725287217,0.4808827002239246,0.7270359234088608,1.0879243346967653,0.023412015771579555,0.07518055038992533,0.028241365901732183,0.012781477943657296
48,54.21132568896528,48.43155819117332,50.78411271025118,9.461759647628629,3.0003909834898805,3.5976231309369315,0.11155979159401327,0.7095193962533894,0.4508218539358193,0.6598982473655166,0.9835037385598135,0.01527406831117972,0.08189355242262746,0.030508053033033663,0.01120205975296588
49,52.057743516492835,43.980823536739685,48.91016772185244,9.06104823652264,2.708447814837756,4.140981845921756,0.13473958346019038,0.816791955168106,0.45259061229186415,0.6633859773208756,0.9769163081616173,0.025630976957302584,0.07385369952386242,0.0248625621026298,0.013611762495259446
50,83.4284747670249,56.196272432911336,78.31202642125831,14.373542602896714,4.254837678869552,4.44065728479276,0.13210539059389675,0.881980037942359,0.45484282380215396,0.6692465729357407,0.9936077777866508,0.025280086488077665,0.08090247701643481,0.02221048680183604,0.009949333542038035
51,77.34510634617999,70.50845672085481,72.17277331127053,13.252441899269906,3.944808939699874,4.334145987482082,0.14108216327525855,0.8959015115425695,0.474788823766715,0.7106292938910049,1.0509706815958073,0.028104934167856616,0.07399891804699607,0.0248932174465462,0.012640879319676621
52,50.44402966195146,45.52094706897534,47.1630657787194,8.732938991475647,2.614283936083121,3.8425812116875075,0.11917530339602382,0.7842218026762448,0.4668356286308761,0.6864395596309969,1.0221933658165498,0.021610711034034558,0.0642873973482078,0.02458451733383444,0.016616607680237136
53,75.0765303904044,65.05232067359222,70.12508798427012,12.954396209396931,3.8452365010889653,3.8970542602566742,0.12054922515855089,0.7873132342568361,0.46837755834071454,0.697017050133633,1.0313057417853735,0.03674961241047087,0.0862653606636453,0.02042922998554215,0.01458927789678861
54,50.62273149880487,49.51947949694891,47.27680604455709,8.941909898175796,2.7568757793512284,2.57728254190992,0.07682375047317358,0.5161216436250866,0.4524976991798187,0.6655017423710867,0.989394347666914,0.05094965932557593,0.0724035346411168,0.02064718658209289,0.009577667847252775
55,101.21208177500463,100.49025390484518,94.12740124380828,17.415619078470236,5.176366958891759,4.621163511514658,0.14170797288740175,0.9054844746683078,0.48022901987576694,0.7196448322833983,1.0782766635381589,0.021418821290922128,0.07177691889940019,0.025944565139756286,0.016569655941794027
56,79.06202943330686,69.64597424132214,74.343636987859,13.779732641656807,3.940361820238236,3.9846343356442344,0.11337733146061547,0.790400741082573,0.455474835322228,0.669587038795513,0.9847564432039039,0.021259474207052546,0.0849247530371811,0.01947474761479195,0.011910302063607653
57,79.25169717301786,62.574708422372964,73.9391204141222,13.593635813659425,4.065283364529676,3.675410538200698,0.10856803705492266,0.7932421576003277,0.46948026686382066,0.6953215793059345,1.0356256675803663,0.03717804114077296,0.07319924139455826,0.029237161858444063,0.00973469356458811
58,90.16381899160476,73.36392845877265,83.57781283612769,15.332084395926683,4.671715538285725,6.341646556229837,0.18881313678822756,1.2634999108492782,0.48536844846953,0.7261507326040394,1.1095290015237935,0.02788111489956547,0.0986156643440359,0.03670645029105721,0.012048136513360128
59,126.49251839442292,112.6766408255841,117.17752531992309,21.73930863963143,6.286338222372445,5.1121787988904615,0.16435245794052497,1.0269693486600766,0.49386898474361235,0.7448315673544038,1.1156414055815864,0.0034550479566375606,0.08576941241330241,0.023003464999821612,0.012347213598596711
60,69.90147536767971,66.39303767378507,65.41233873220769,12.182080870393701,3.6575030630687198,3.084787658266439,0.09882678836874255,0.621467420087267,0.4605370929721671,0.6791317871155435,1.0120244725400747,0.028027965838050905,0.08220251187397602,0.025553646298790728,0.010955283775275524
61,96.7055347456515,100.72074490664953,90.5441084622974,16.766843211728467,4.929878948370614,3.8290339947697536,0.13059285960675743,0.7422762103309886,0.4639024298581424,0.6983865561401423,1.0255400946813735,0.03121775564202647,0.08323688578140691,0.025281638596356657,0.01262698367825829
62,79.36386343945281,69.05275019129736,73.91419746707561,13.74430946935383,4.0198469643801,3.9330568511808495,0.1362457441407882,0.8071989699701023,0.4795654342049827,0.7153894018641658,1.0684958122548152,0.02156437165737052,0.06104089980906794,0.021314017783136706,0.014517304270241397
63,85.45699648469599,75.33624438851473,79.42399380074461,14.724097226142113,4.371313591426464,4.995959339709583,0.14061965083659245,0.9857763583789588,0.4780269431935844,0.7173296753902801,1.0638613495624516,0.026780470309646687,0.0797848403991678,0.026879979256956548,0.01300072933565421
64,61.331829920496574,51.07841638172596,57.46126627957158,10.696846807041133,3.1776929397054534,3.638716441922508,0.10542045175710961,0.7104520612418561,0.4591677485999384,0.6749259821495663,0.9958918016242826,0.0436072244794821,0.06668056155312416,0.01970679189288033,0.012681736644235792
65,84.15817881270237,72.84948711387808,78.10711011455594,14.578756550225977,4.376323922723588,4.073492822476265,0.1311851073507007,0.8100020049930573,0.48154188014925015,0.7226922086720855,1.0708778175396538,0.018788675936209826,0.06934670835802928,0.035754960908945976,0.010319611147148315
66,78.75736349537685,62.59565079985339,74.0269076577321,13.754886976254232,3.9556983311463427,3.9945130287253297,0.12032347475748525,0.8148304481866627,0.45532770602229355,0.6686749909845869,0.9909508266226846,0.018054865355634244,0.07629368664312682,0.028847637545104273,0.014336162299493967
67,69.74482274080675,57.95841984192282,64.77927615279394,11.922165534979957,3.721467986366888,4.021650637049375,0.12626453417993305,0.7961420313222699,0.4761435172731799,0.7155384678705988,1.0630884492060722,0.038783292834576495,0.06835320933650384,0.0291640236625079,0.009712672980818106
68,49.38818944901605,45.62409518343514,46.16866877992269,8.645873287275503,2.6827151842731505,2.5346891337652533,0.07818592330396296,0.49042081666850945,0.4566849565777343,0.6745152318246362,0.9981881540411705,0.04830422048128523,0.060211862696780145,0.027705677284551047,0.00720368793814929
69,88.02121598425404,84.02130726424896,81.82244445041202,15.131279128229437,4.466531516092598,4.220027604085637,0.13914607649274144,0.8648518619519895,0.4808887637591887,0.7197868291760117,1.0777796242769986,0.027836868878897063,0.08329775588422755,0.01677615416897841,0.01062081630469765
70,67.9155440629256,54.67735058886931,64.04391819829412,11.810430899033719,3.455316283431894,3.6205934029533546,0.1162999430816945,0.7202616803782176,0.44963231248443203,0.6586710072734309,0.9693262168301799,0.035666098580563264,0.08101287977540961,0.034096706006767556,0.009392164356150406
71,102.32088665212991,85.80505252628657,95.55946130523063,17.700726638171457,5.11941671814048,4.91212319717682,0.13586304879117256,0.9601560943680669,0.4695804127304447,0.6991413416898073,1.0381778923142677,0.008874193586774467,0.07952690983625857,0.02523720149239459,0.010740870622345291
72,57.030920724947855,52.11750822999986,53.836102026798066,9.92482118348727,2.9918191296964864,2.524683453536236,0.07952735798938167,0.5079301807658064,0.44408312143034734,0.6464659236726902,0.9544257110791222,0.03366913074494751,0.0701415232943251,0.020303847736953172,0.011531841328365423
73,64.85471339504092,53.49706428742279,60.613208383326416,11.34963414102178,3.3237214654933482,3.325034545788956,0.09671028084971722,0.6680645706404149,0.4604389998658293,0.6787019846656356,1.0039629261149736,0.032221114802844,0.07417378984863447,0.018391058576245508,0.01612738734233498
74,54.12176246880888,46.91113854073728,50.57615610961948,9.330163401905226,2.8338552574641485,3.405766211012341,0.09191311349872532,0.6767478271742478,0.46389238964211665,0.682143584682557,1.0187041982277807,0.05402021490502024,0.07119270162466376,0.021270061866976327,0.010120378962843781
75,54.05619542279412,40.65895761759978,50.96289570572927,9.477183025985315,2.864885881510536,3.643244452935233,0.10946736328915337,0.7239740875837994,0.4438486374724457,0.6500935418695951,0.9527244902013219,0.029502242745550324,0.06567619676962883,0.01937160295410187,0.01034661405372601
76,66.0610882020838,55.69951109115725,61.630185111485524,11.379263974454245,3.386271708755356,3.656735213301382,0.09634307966061958,0.6881626833431487,0.46986292488850373,0.6963602462841089,1.027061020193982,0.03534058434951412,0.06865673518540781,0.027293527702919474,0.010644411851992696
77,41.38765708403889,34.45261304406768,38.62666332464271,7.216304791800622,2.3161878003564422,2.8105371773264403,0.09334038237752884,0.5715259359456336,0.4551884842661243,0.668904515632708,1.0049513388567506,0.012272344455661145,0.04819375094299856,0.027079246531106653,0.010716878960144373
78,80.22278189447017,74.68991542336508,75.22790675855913,13.857008588912368,4.081366064978375,3.7686704226443157,0.1075325983068501,0.7595733158244229,0.46186322243348243,0.6855733605964842,1.014902087707553,0.013721914912114623,0.09096959294549745,0.03663495917827466,0.011700739239428838
79,98.75459628372614,99.15544940388055,91.4029542749555,16.959231321363937,5.090433597736016,3.955183842129889,0.14011045269252187,0.7990942071904376,0.48926743557531976,0.7361384699901375,1.089278278479415,0.04182969809749717,0.07670471659256488,0.029755160272199793,0.016523579768383603
80,95.04988501106132,83.78181588393359,88.07218640008729,16.39820332179223,4.8634546998497,5.37921547379202,0.16571536649023763,1.0572542369179314,0.4825233232891367,0.7244444752695961,1.0966912378753801,0.022644942181968088,0.0811463440754554,0.027845856481914625,0.014114764229553227
81,59.07395535155243,49.71857692381167,55.52693654201523,10.422757655193266,3.1071651376055827,2.3831343288373463,0.08556814677561564,0.4970951423939244,0.450238865845678,0.6638683443743536,0.9737982330610575,0.03348372327726941,0.0725204902376796,0.023410876620172896,0.014139058650929062
82,125.2867417228862,126.67172128708994,116.83571633677192,21.382092008887483,6.136684086678517,4.426458873800136,0.12005623996386462,0.8837248016152448,0.48057526075668894,0.7223424830222169,1.0753347349759947,0.030970987490524952,0.10632050546082433,0.02341522442581089,0.01381930862156781
83,54.140624226703615,51.77989204047019,50.8488194195573,9.457749035197745,2.848401424611231,2.689706528469755,0.07824714261619212,0.5533203308530721,0.449271380235135,0.6582910825352548,0.9688504359613787,0.04130261423779587,0.08146673921787227,0.020903027861551005,0.011854489161161132
84,49.65625113300021,42.80378616391099,46.857645320458225,8.743969704202348,2.657872673569698,2.4155605639723925,0.06725547210621649,0.48044234781885936,0.43922661950506076,0.6411008092673326,0.9337945582917914,0.01749641488424978,0.0600942308137661,0.022496994424921625,0.00919385859561009
85,85.97447143337025,76.58493541728687,79.71351732551328,14.812532272475796,4.43268422524989,3.7677652003122106,0.12377174084668048,0.7519838613559071,0.4809042177205342,0.7204800665722828,1.0875490448280307,0.025604617289185297,0.08536657265139463,0.03047783554421481,0.01123462155357218
86,79.26282684074877,68.12412475164237,73.92373059126176,13.803923163625235,4.05797226403572,4.268681807152653,0.13202273203170706,0.8587553055011272,0.47047509437276785,0.6964456167158651,1.0295100353682942,0.017254669514096807,0.0767691787140323,0.0299404935737365,0.011259930152522291
87,74.23237278193267,67.3580815494243,69.39080664687384,12.884909449772316,3.798403921541563,4.236522673917415,0.12692604386346876,0.823305446774884,0.46570625428199985,0.6912305500404258,1.0212518246740834,0.017548070251209674,0.08914756667591675,0.02306831500898163,0.016149957189927882
88,51.81570018790528,42.8748290294295,48.26808589726586,8.977058759930733,2.717327818381606,3.697733750404139,0.1076033013523086,0.7288053717575199,0.4681412426862895,0.6986586588684163,1.0313106671589678,0.03055832326435823,0.05670647481080181,0.03173939138425256,0.014720351067411291
89,82.37450885667744,75.0916442765522,77.17684770076009,14.16555292075432,4.228243388069467,3.050389547650416,0.10060121141257887,0.602443082791361,0.46521082679123277,0.6889200570199258,1.023942234589583,0.04138041955046314,0.08688082298196872,0.022129770706063256,0.011712155143079153
90,118.72496062160741,113.67901573501304,110.35760338968625,20.273925589770386,5.959243791772081,4.706845230951515,0.14830830051438346,0.949564538528356,0.4825135674782072,0.7253091329939281,1.1019521615244197,0.030697558604981346,0.09037926453417981,0.024501757284647176,0.010971088342383585
91,92.63570495427655,88.95383206464888,86.70765518545421,15.872476214741239,4.671487000886642,3.6987931187872087,0.12103361871449758,0.7385314463120952,0.4715844332588384,0.6999144938764317,1.0431446730010556,0.022901151739191716,0.0813911821927689,0.023989012644468292,0.013744077137505518
92,96.42236543632225,91.59913503094302,90.10701748767762,16.623158728947278,4.816778111430342,4.1989515091846625,0.13316235008924518,0.8108997575408743,0.4703284084791821,0.701402958746177,1.0337029391887815,0.005496374950026933,0.08593296787644554,0.021957184359773573,0.01500730219326749
93,125.65328532779792,131.17629434097972,116.88726648656761,21.57292370530918,6.334812275838951,4.7989044610421345,0.15285830022026584,0.8938250629043261,0.48337215947856915,0.7293598281093836,1.1007810414217352,0.028917894119214617,0.07926570793323139,0.02321552037686892,0.013896668133093133
94,115.06703248999106,98.48320372593093,107.06860834913168,19.56504619437635,5.736100112859312,5.61419319046029,0.15853102274080189,1.1260066973122502,0.4840129359352673,0.727628669194057,1.0923155356106247,0.019631443673862103,0.09570346310780194,0.022322160273677574,0.012168733539925047
95,75.60348038302725,61.01600447582594,70.84232472758563,13.090601723189538,3.8674911611043368,4.3024460456417755,0.1336910074832062,0.7975141570325367,0.45738986332701237,0.6761161544445408,0.991391862330807,0.028836227375705088,0.0847894301164419,0.0216868026297497,0.01433564388497547
96,81.24613248256394,67.92712280591661,76.2316350542846,14.210733887178817,4.155793490224202,4.447603242594915,0.12645512192751993,0.8777554468553481,0.45517199156696936,0.6715511445635145,0.9880489760806188,0.02220150606675349,0.0630927007767865,0.026038737562076364,0.0070781087079249145
97,58.47300880110969,50.53980549520615,54.74866962744863,10.283693391767661,3.1768416016744894,3.569381186473837,0.11271599740772145,0.7128082311897492,0.4510557698329516,0.6612142008653636,0.9810641045157634,0.03771779939894727,0.07263105153333119,0.026311208599442394,0.013009421709941552
98,54.15789862117335,46.03693152753386,50.45175232556239,9.365998200439687,2.954884278912252,3.361348986463177,0.10629755959296745,0.6457606813883403,0.4673497922025422,0.6916658996550257,1.0315338105556486,0.017600518570695927,0.07654915104852614,0.01979300287250014,0.010006415641171898
99,98.941441107013,94.90597285876677,91.81009300288873,17.03775890252051,5.101781987044367,5.1554092048539655,0.15197128998820544,1.041809561198573,0.48578984274665066,0.7267513074063637,1.084421709612689,0.027250739245213658,0.08472114572177769,0.02911434430372422,0.014074615900229693
100,107.09328376258692,94.0149392843847,99.55050538218933,18.506878945923354,5.38951001428,4.510169271013156,0.12670912733500525,0.9091610908044433,0.48373257084666804,0.722012922513143,1.086822063338416,0.03388029103613936,0.09061796890959409,0.028092741451020812,0.014985747210686693
101,58.81823602410716,42.64626772790989,54.90293021994737,10.28413567381291,3.128269383934929,3.2892716630043517,0.09426657574582673,0.6460731448290427,0.4568599280606315,0.6738722693340133,0.9837756450293937,0.014154891941270927,0.08185190641550227,0.023735361232921373,0.006718163696845162
102,58.368753105136925,48.858053031852116,54.60498598187953,10.296029559673856,3.18274494425676,3.0555491000782675,0.09897104010459454,0.5984926505165752,0.4508050332259615,0.6631738022841602,0.9752465044731689,0.05813561274270274,0.06936986032655892,0.023228882420735474,0.009178763839379255
103,124.87201291439797,128.76108369055896,115.38205519891943,21.125082869447116,6.252911807883453,5.552522512655288,0.170378632855793,1.0765094202341605,0.5008393941604107,0.7580647865569923,1.1472430858680882,0.03617286336836975,0.08416448545257793,0.02082975925491001,0.01877899076014354
104,56.4970126370714,54.924540930793945,52.57715021385855,9.781137273382866,3.0126448088737443,3.324495901337395,0.10393614537479123,0.6224690419465004,0.4710773217450535,0.7018370115546587,1.0462391173221146,0.014700111243476458,0.05132367844617481,0.02274273820963681,0.01433824060678696
105,99.51873682130544,90.69554623289916,93.29156907869304,17.141768486157762,5.00732575057162,4.032771985152808,0.1257283033239512,0.8479469709517538,0.4644799863376438,0.6934970202350228,1.0301086500572214,0.019652949678927185,0.09007482435904346,0.016810539882965932,0.013556326446540088
106,85.60166722026257,76.93520204992907,79.47644570206513,14.737180892493905,4.293853181943477,4.381721305744274,0.14194444699205427,0.9114452652562196,0.48987285691719634,0.7364906285292231,1.1067628781125747,0.02489901878193632,0.07664234535780111,0.026547479285392445,0.011895061697500575
107,97.85017193009293,76.19606898402942,91.1953121823158,16.96420040017383,5.097333646994198,5.261375767228704,0.16216634612664463,1.086466716875696,0.4724984956996021,0.7024033753665219,1.0572471314811969,0.040739046954038,0.0705612443923342,0.017798996875590486,0.018070560545560437
108,74.09954040288052,75.38631108319893,68.81477384309015,12.738767763910744,3.8223921039119833,3.6442217504295047,0.10208271700697173,0.721112850038434,0.48066287997664164,0.7210716111425639,1.0724500775841261,0.04227672263883788,0.06728739578462871,0.021123681580762988,0.009466134574356994
109,222.95495941146626,241.9598280559414,206.14721588026381,37.19369186538136,10.661337307627262,6.767261181633361,0.22132439664515582,1.289412756164597,0.511473035651689,0.7697597130064815,1.1920902129257536,,0.1091937987821241,0.03151564761620451,0.023544915828836926
110,127.7414760011583,111.68998155313811,118.04943774849016,21.989166623309014,6.406175298276759,6.186340845143773,0.18799788655829996,1.2164376996455109,0.49330518154999453,0.7421909626156964,1.1167048345337085,0.024175716508649383,0.09027002074195613,0.030263557601814244,0.009585214664354514
111,51.65698013723252,41.269760096601416,48.50431547582528,9.106627113473401,2.666250643626457,2.6383652029531452,0.07553763679537015,0.5350334946629416,0.4516951508425875,0.6597842838185919,0.9711685033338128,0.02053645884212976,0.05132292721670951,0.015710490791677034,0.00869897883065937
112,132.3538368549978,122.25527287158994,123.357565321429,22.761877751483425,6.506242083793482,5.441467036966649,0.16346268989585508,1.0880776194262107,0.48143382382312494,0.7229788024535347,1.0901980160586278,0.02133703170899733,0.1009863023518262,0.021699885698347274,0.01222732762024596
113,110.26993022943464,116.57373726756316,102.42934322817345,19.12443569911186,5.45903389943043,4.79544072331722,0.14157549643766645,0.9775723264655846,0.4829391015237488,0.7258882558796321,1.0908982664459703,0.024348302826956995,0.0916533936799528,0.020956297337417246,0.011207436216146067
114,114.60152201358027,111.35139927930445,106.62902468551906,19.615639372589925,5.729267891506994,5.196784516148274,0.171151831176284,0.9704496975293879,0.4849982629135108,0.7275088702784039,1.0975682786934784,0.030004123893292246,0.09038646904011605,0.02716143888202561,0.01425133914960906
115,81.28126861360015,73.07779804028439,75.66227594364301,13.936059186842398,4.182454684615434,4.066834568366963,0.12741016027290064,0.8074667230585405,0.47531718378845933,0.7154149542533792,1.061616095490562,0.025926313217081776,0.08464547965955495,0.028247564101930935,0.012160759603793909
116,88.29329593248659,87.05871605899833,82.3651984792836,15.131424119233317,4.559470497435749,5.087026566597118,0.15799730110303312,1.0083578115098288,0.47626692556035394,0.7099762076459781,1.060465429936661,0.03133881879949643,0.09529784920119991,0.028017964037353606,0.015880914108218038
117,70.54633143324428,66.7193599554328,66.33931456009068,12.300727754569875,3.6263722229756357,4.159595984790923,0.129554247168817,0.7932016001107498,0.4564484152443892,0.6754538752541971,0.991384485971285,0.034553181523553966,0.07514557583482918,0.019700434091813847,0.01158214952374408
118,105.94850297854119,90.35993670246583,98.20270185653858,18.097843643097193,5.391478690553418,5.019360640251438,0.16114708801826316,0.9907967963219745,0.4867342227546205,0.7360431147537063,1.112000996178159,0.031542578230425625,0.09616953319067019,0.027571684673344758,0.014314341360564649
119,37.86267946728832,28.391783044919,35.71394312176605,6.592966614949635,2.2535007442527153,4.2870405941861955,0.14745200223101484,0.8883352836699997,0.42795197053420886,0.6240964227059378,0.9195065089753021,,0.06450008557365766,0.030167866300667548,0.012261329570313504
120,44.05157371617248,42.080457980653264,41.350755229296084,7.709633277018252,2.393692210691924,3.1720300155038874,0.09078955793175639,0.6478624554375088,0.4489281062983343,0.6629339402700147,0.9711888249488774,0.045543594750820475,0.05070217995712156,0.023099081513130393,0.012455213045246253
121,52.344417747045085,43.02713238206852,49.18715383209429,9.183414306163597,2.853679253253301,3.219452261145181,0.09503665283410735,0.6405603377187409,0.44276917199325594,0.6439775318926317,0.9528348226275651,0.03626808980377425,0.07480617281606411,0.02384556518464899,0.011951732343435603
122,56.73721672544469,46.64561006701096,53.153468626520414,9.897130236985218,2.990715431763198,3.0540286993200816,0.09486091175852131,0.596212414007197,0.4565442400034041,0.6720073067446509,0.9864442199651097,0.036177509617689584,0.060017638419422745,0.017479597102704567,0.013315996657897676
123,78.64671637278002,63.27489282906108,73.2379287083159,13.542048593042631,4.0789656694162995,5.039568066341919,0.16334534540473808,1.0437163998774424,0.4650317420336291,0.6945012244068256,1.0249089051900726,0.011689484709410105,0.07354951372745204,0.02013901740740561,0.014295081041549253
124,120.99592449129008,124.34039170491542,112.88577544143936,20.91215606157124,5.983706346560444,5.246052886615083,0.1512637061620018,0.993428105046596,0.4783718773883394,0.7224887461599335,1.0742637664943242,0.03072109600076328,0.09501346293020843,0.024190428784452864,0.01720696682073821
125,45.09187579358558,40.25769613089159,42.29774846948299,7.880094856938365,2.3745626221827156,2.9762538786502573,0.09446661816277709,0.5945794967322082,0.45522487937585454,0.6708594339991789,0.9739479201354846,0.03952672016377655,0.06626485523321984,0.02209925950019803,0.014799477109686208
126,55.49984887699179,45.68466593486593,52.07971179706548,9.809090937288422,3.043416597428029,2.423289252722076,0.07156717839502015,0.497842161577338,0.4435569107677079,0.6499154239849898,0.9596958702872788,0.017460680243041007,0.06593090210025639,0.01862362684404234,0.007965081085806033
127,71.51034508809772,73.39461594670418,66.83357940138832,12.326245232511104,3.6842800295677267,4.0957050762819325,0.12804471767269374,0.7805313935536707,0.4713511083176265,0.7005645116744411,1.0435116308290355,0.0292778692971368,0.07297271063673857,0.027172853900963176,0.014302441581364655
128,100.89898105338075,97.32458005508934,94.2211527511538,17.43192292682448,5.015320276760867,3.8500340864854556,0.12115893979620761,0.7764477428808059,0.47373893946894,0.7076501568789365,1.0525461056661762,0.029953538987905856,0.07704747186397813,0.023125764808198734,0.0155883197804316
129,91.44790517171303,82.90555403277641,85.15048116471189,15.695407569400306,4.658461592513524,5.941018496093713,0.1862776531039807,1.1854509342098514,0.4782919631264928,0.7176789443582002,1.0628730940730233,0.04870105019202894,0.08218668615010444,0.028901100546377546,0.013559614886544391
130,63.221477390269314,64.23951482190317,59.04240802523237,10.965264219463693,3.3349770208289966,3.6068121887579414,0.10588670048897968,0.705884556050427,0.4650982840771453,0.6899957549845231,1.0226489875111815,0.02749327197892078,0.07629345166935132,0.02105150918459123,0.014515967125732743
131,78.00275566926608,72.29410391222169,73.11451969417134,13.4341580709235,3.9940588857846393,4.771920848431433,0.14163248012454688,0.9321411037897663,0.4612095679071882,0.681532020395765,1.0079169399053864,0.020833690536809085,0.08256521323211606,0.025755515182918312,0.009462036552850274
132,98.81092893197636,79.9804990811701,92.61375315544115,17.1617728202287,4.97904576906117,4.40951705123082,0.1473077403150421,0.8919394264981209,0.4659918015150439,0.6902617740191919,1.030948884751003,0.024261163869953365,0.08249628519769961,0.027689172304544433,0.005366868418044624
133,69.94543972066005,50.92113614581363,65.13246878628406,12.0184799408189,3.7840674857931944,4.49341923009856,0.13921809959396697,0.8938284895156282,0.46409343301974215,0.6925739242093182,1.0294734929426899,0.016227182470543035,0.07002407555144943,0.02470905093501151,0.011354572589716746
134,60.6513587443414,53.45443104471542,56.81831821094622,10.490988430964974,3.173158686510605,2.8858521861538478,0.08355072174449693,0.6053004635833096,0.4595242003329078,0.6755517610623826,1.0013217978076716,0.02068717758927594,0.06930896687412205,0.024241247855721515,0.011956690564012313
135,107.27342471516417,105.64502385656976,98.82353807364596,18.56653024120069,5.528419700230647,5.339618257368713,0.15350476506328561,1.0757486278978123,0.49620876546044473,0.7469660731068789,1.1294231589732928,0.027422957388795938,0.07247930819006206,0.028162537638980776,0.013718666001509321
136,74.60540308297263,62.35002960482008,69.35186994695405,12.8113867152617,3.8666946180075104,3.852723078769095,0.11538679994651439,0.7964317781530558,0.47821553156911983,0.7092288579740483,1.0680608799552473,0.028573622166863506,0.062428532059430844,0.02439060224667062,0.011648925452528849
137,70.70076093295644,58.908184308076066,66.2119717370655,12.288387670884331,3.555876329907491,4.066146742359036,0.138262679743774,0.7914890865461515,0.460496610380379,0.6765053312013991,1.0020481370394043,0.032549652059603806,0.08072339425147294,0.02825904541540846,0.011326290253363418
138,84.27609997290554,66.99348619389903,78.7801433862932,14.516041021727222,4.2295242234138675,4.64331443382004,0.14241152033629856,0.913743487960141,0.4634019751437131,0.6868609139087991,1.0154973024885758,0.030844634091606746,0.07310295644148686,0.025585076412032823,0.010183419304626544
139,60.669074344769335,59.29986026861722,56.77548857424786,10.523073108256922,3.106343350307195,3.1435780595990677,0.1019801733951734,0.6097227095421904,0.46316599219040316,0.6828804788060858,1.0117639226245425,0.033583564347738924,0.07305893665111626,0.02454719813999892,0.014478520137389666
140,76.74144807989133,77.09062299684801,71.62903613988243,13.23718095812814,4.085464018186402,3.8865997140624877,0.12103663615649396,0.8119407919318227,0.4663859256415014,0.6969243584192001,1.0410315686911866,0.016930474604025508,0.07095313210663592,0.023031912021061793,0.012496503614018873
141,80.56394619176025,72.43184245141524,75.50447084089505,13.905165916082074,4.066981704285684,3.9763292996184894,0.14416643015710098,0.8109614022781353,0.46392539515490244,0.6956141140698506,1.024805212311067,0.03377354043790593,0.0800423390841058,0.019341946422561283,0.01059578647379009
142,134.9215516446843,131.25667556546907,125.2810630741662,22.92813807629059,6.82796928321481,6.40379250123636,0.1927818614428776,1.1936130229174966,0.4871473091846488,0.736444322399914,1.1151251864838334,0.00892561060324641,0.0932908488119871,0.03242326690552576,0.012224973896741535
143,62.80758002773154,48.99808443010019,59.00788862429497,10.946265269028066,3.2209826027492947,3.595821596075729,0.1204412508656915,0.7028130135990897,0.45244608501885897,0.6683678756575788,0.9834341045694718,0.0296047100829964,0.07709433269058864,0.016572430481306903,0.007961127797513269
144,69.8973913134619,68.8455780207571,65.1527505569448,12.053324985688795,3.6600606991481897,4.332369676909232,0.13709590050730566,0.8650650075838182,0.47358226205483495,0.7127934085749994,1.042121983796315,0.049686148881230886,0.08046483402184759,0.02213700199842187,0.009308049387749763
145,87.19058465474917,75.28672055048634,81.36743429415297,15.083578244346375,4.356110100622328,4.105584359048272,0.12341759148945533,0.8129721577409383,0.47379620469566225,0.7063296576753836,1.0575092405323934,0.028529059329302116,0.08197244839788023,0.01689468166186886,0.011670570023624333
146,55.809659403590906,47.21742274700747,52.372148045736296,9.737443593503556,2.9164265949762296,3.112875346331855,0.09967092321534292,0.6355286237287436,0.45619753838130706,0.669668515217646,0.9876362614552172,0.01707579925870684,0.06511431691526577,0.023521938880387488,0.012553186358335943
147,78.58951856754967,69.8851697268368,73.11716416100695,13.48772521566714,4.2131523241997755,3.9304418591217325,0.10966448195381315,0.7464304994274532,0.47377702095087687,0.7052810434988184,1.0648164683459067,0.018944440726987748,0.08293495443315697,0.026976490141366848,0.012827627227228574
148,98.89277334605912,95.96614430014219,92.43733284585548,16.99146292076559,5.007689960494105,5.216216378163151,0.1771110772010429,1.014023515629063,0.47438490499190206,0.7107941031783048,1.0603959660341071,0.027944110904057042,0.0789494962432761,0.029925051386743274,0.01383303445648797
149,85.54460974095689,79.84513738027758,79.81752776474097,14.848005342150463,4.290132014177671,4.4511648547074225,0.13008148783701934,0.8711082203946816,0.4755939079320294,0.7086697150395783,1.0632194346358015,0.029769432386982292,0.07082660954077004,0.020917701869837508,0.012943416383560289
