1.383936422137315879e-03 6.091185312990011775e-04
9.869221525802725214e-03 5.848613410077604371e-04
1.908353800982963769e-02 7.614806885842816423e-04
2.405705616965584173e-02 9.683331652395475633e-04
2.514772573855370355e-02 1.009054703050435257e-03
2.464966858819115161e-02 1.003785163515867824e-03
2.326591383090999623e-02 9.243951929766903476e-04
2.040899386157995002e-02 9.363374543584577353e-04
1.697732176861226419e-02 8.561530718029525949e-04
1.311976484205639761e-02 7.685986734979956573e-04
5.608502904748401650e-03 5.817142292839324377e-04
-3.362407607697705508e-03 7.390108495717201713e-04
-1.513541491529299225e-02 1.115807689380531736e-03
-2.820231116670827640e-02 1.550065319964964022e-03
-4.134800182634126853e-02 2.186920453451225103e-03
-5.236464067894595203e-02 2.580095629381931252e-03
-6.797706106220352540e-02 3.356028403965850403e-03
-7.945659563647922141e-02 4.145646568475051114e-03
-9.386289712248702122e-02 5.144461284600185778e-03
-1.076567980930982077e-01 6.188243905672071582e-03
