6.156522501892318063e-04 5.388655710977884429e-04
8.775450837398527867e-03 3.893747635356633002e-04
2.531280652458297101e-02 6.597154159827838720e-04
4.319826540711244056e-02 1.051906930300978852e-03
6.046334023367749139e-02 1.421240582997023317e-03
7.653534199411264616e-02 1.793385070369370475e-03
9.124002096562759678e-02 2.102552218481860361e-03
1.058574876520242125e-01 2.388539597306678364e-03
1.185471424148465680e-01 2.742819739143727200e-03
1.306595913911448859e-01 2.949905164528139872e-03
1.466821566184334791e-01 3.284135306201897697e-03
1.674765156282992939e-01 3.726715055186571694e-03
1.855899689691431209e-01 4.096050356146584831e-03
2.033816781627267312e-01 4.471798960355100050e-03
2.191220068261282294e-01 4.779447622753544081e-03
2.354590940367284890e-01 5.156981510632001678e-03
2.518153309068826284e-01 5.512838076801820052e-03
2.661819888617009133e-01 5.999273472210816735e-03
2.801841872618017759e-01 6.415754378960648527e-03
2.893468644227744080e-01 7.207135585069452885e-03
