-2.346183621234481395e-04 6.013204705672174849e-04
-1.053662866184688560e-03 3.770546369335569885e-04
2.430233200559709424e-03 3.972522005375964680e-04
3.564010707425427100e-03 3.833802054504832375e-04
5.134151100594103352e-03 4.347033361906397142e-04
8.462385165173173102e-03 5.351107902288487110e-04
1.024824405759433392e-02 6.038016984652205040e-04
1.521023696090737301e-02 7.750338116312300565e-04
1.795208574974131027e-02 9.393457253295760907e-04
2.167061775135461360e-02 1.122699994608395216e-03
2.623211942316584083e-02 1.239880128184177961e-03
3.349260056349511600e-02 1.528760356132293679e-03
4.136651073433510878e-02 1.912827033501632431e-03
4.772914540228005015e-02 2.226478754782346050e-03
5.652812237934952411e-02 2.511169794462963459e-03
6.377802659973183519e-02 2.871297051100605170e-03
7.285703374099701535e-02 3.558374137478077532e-03
8.048114566763046873e-02 3.972742373392973252e-03
8.825233290181572210e-02 4.559159652514010834e-03
8.507910563251683267e-02 5.810235565555553310e-03
