5.105204062890925229e-04 5.243991664763256091e-04
4.839127981055729065e-05 3.703617246837428512e-04
3.115048559472234201e-03 3.527854865500937710e-04
8.161246250189170201e-03 4.383795776310789533e-04
1.224322330565529721e-02 5.692202544595691398e-04
1.856089587213015715e-02 7.786064136202055152e-04
2.319656722758655157e-02 8.898004825782659206e-04
3.024044040720360801e-02 1.157239453611998235e-03
3.545141692490990509e-02 1.397788846852131023e-03
4.033355714587379820e-02 1.566607863545371087e-03
4.795508056438718691e-02 1.753801583470234945e-03
5.830234005662638525e-02 2.170336914387796957e-03
6.753693115826876758e-02 2.584643184428825693e-03
7.474058570315353367e-02 2.835355686385483080e-03
8.416156008751894679e-02 3.262994784375427854e-03
9.205513287253813681e-02 3.751802279459498773e-03
9.667653349207921964e-02 4.327453417867263563e-03
1.078382217453301845e-01 4.674244816907461957e-03
1.107841235771397093e-01 5.211945290186383549e-03
1.182906696020647880e-01 5.901449328226254787e-03
