5.197318772006837831e-04 8.378905351956418080e-04
7.632486223878459132e-04 5.619077575934110181e-04
5.707257593755396714e-03 5.504180045972527011e-04
6.238052576717311934e-03 5.788878694652372639e-04
6.592223379078583113e-03 5.920601299179820186e-04
6.722933021230848190e-03 7.086666368417975526e-04
6.421643913139744690e-03 7.362829751942704922e-04
1.007894265421290479e-02 8.257814667181307636e-04
1.012309639111466479e-02 8.746506709382838090e-04
1.196082400939461193e-02 1.079951138820774538e-03
1.409563721412347703e-02 9.005765353281679078e-04
1.909640805204158506e-02 1.203036290040869353e-03
2.322662102362981970e-02 1.554314360611997728e-03
2.528483770105535364e-02 1.916062228556576286e-03
2.904592837651140055e-02 2.276698232854171451e-03
3.546018975954574881e-02 3.031902301384249536e-03
4.161456912121316853e-02 3.594217235517209279e-03
4.925079278228850638e-02 4.297243148600144412e-03
5.708868741061134261e-02 5.261835253081486620e-03
5.222285629759911701e-02 6.365596302905412833e-03
