-1.806835114674604356e-03 4.273468606134586852e-03
5.483629069009772136e-04 2.362367587393555870e-03
5.878696564621564008e-03 2.090025955955699712e-03
2.884079099316370128e-03 1.826194708262943037e-03
6.660733498257247372e-03 1.627846345371037609e-03
7.201995700196966478e-03 1.705280509424698812e-03
2.984867089281302826e-03 1.727070528622405652e-03
1.107394675531072660e-02 1.742993849332750804e-03
6.549142721882551983e-03 1.736303394268745495e-03
1.471198298714102362e-02 2.224887288656383997e-03
1.618998464636286702e-02 1.726652872179657667e-03
2.114422920404235642e-02 2.032055280952573765e-03
2.675197232968163502e-02 2.672317944654096274e-03
2.509798938041431227e-02 3.027322079660709278e-03
3.023761176023268687e-02 4.058156478660907181e-03
2.829860331011319757e-02 5.247570183804266958e-03
3.671558584210430493e-02 6.593397979506633762e-03
4.476598720099327772e-02 8.903731220800492271e-03
5.727883954421301993e-02 1.160425618133367059e-02
3.808061083141760922e-02 1.497374971777586800e-02
