2.435243377195926966e-03 2.640666111300043247e-03
2.368087395343841921e-03 1.550213683259329695e-03
3.135050499330496124e-03 1.309201013722924344e-03
5.514291423194688652e-03 1.193379836019769309e-03
9.452367260573916324e-03 1.099604854209618957e-03
1.554579950240665871e-02 1.171851288338671311e-03
2.155706112014443843e-02 1.269879710519280147e-03
2.578817952932375632e-02 1.394162168530248356e-03
3.290949924695649870e-02 1.731886452066269807e-03
3.954901242827773417e-02 1.978747703363018754e-03
4.745638862159810151e-02 1.977192161485578394e-03
5.768580218170837187e-02 2.400711177747367423e-03
6.849672596752356957e-02 2.879690467628796650e-03
7.731704583545652432e-02 3.348127732418772554e-03
8.242349655202771408e-02 3.869334750777548085e-03
9.221442904393914453e-02 4.661189787980980423e-03
9.420850400931267410e-02 5.933221142215511744e-03
1.025013478419406349e-01 6.651090761976951281e-03
1.196068795747988744e-01 8.290340464619030958e-03
9.574541505626810167e-02 9.953303564338196116e-03
