1.169593898954446711e-03 2.582593933593335667e-03
3.425465420507907074e-03 1.538816239232304898e-03
1.263440881759270509e-02 1.205507001482989489e-03
2.228109675768981390e-02 1.245322893136907843e-03
4.010259085776649718e-02 1.408256441737916953e-03
5.688400445186405502e-02 1.679456637662974467e-03
7.533655265694041980e-02 2.083006708529904979e-03
9.311503830239392654e-02 2.378162632718880398e-03
1.098287773050947158e-01 2.761861537463257063e-03
1.240220515980376415e-01 3.038935651351758974e-03
1.454522784350428533e-01 3.420286673230551848e-03
1.688284256029272679e-01 3.912474973988570338e-03
1.912091161584734411e-01 4.357658697454770517e-03
2.105369196020013545e-01 4.802787613073958121e-03
2.243938782028821743e-01 5.309659714666333484e-03
2.395692157585871396e-01 5.954148682499567531e-03
2.551277789088786108e-01 6.455766660388686379e-03
2.740566900048105881e-01 7.429062501781153252e-03
2.671124824110871487e-01 8.823315520130405737e-03
2.820551146007110321e-01 1.061093692313164541e-02
