5.912414658097449316e-03 2.904619856245339599e-03
-2.297595620438565474e-03 1.758835200730489998e-03
8.268047365122115641e-04 1.395179343607548311e-03
3.894725314497346057e-03 1.164057346926987164e-03
3.781736353628200459e-03 1.128219870084764187e-03
6.590038611002659377e-03 1.135085576261517541e-03
8.023533419173571948e-03 1.141283592106216802e-03
1.318087503499578393e-02 1.309294839963124138e-03
1.691836008846904146e-02 1.473305017960342255e-03
1.872758156298369100e-02 1.436897329723057799e-03
2.529027601584038151e-02 1.517060654528253191e-03
3.454198412387714939e-02 1.963289703304653237e-03
4.199782597757073521e-02 2.292258136523071203e-03
4.842125848095480550e-02 2.973369000266785304e-03
5.886095151812453796e-02 3.489984073217106651e-03
6.632583219166854338e-02 4.386524758902062872e-03
7.469446215631499186e-02 5.680126131083957676e-03
8.108368528254288055e-02 6.520722355648109550e-03
7.809503148692072128e-02 7.747517016780130876e-03
7.660618861813250913e-02 1.067729384013095702e-02
