3.575285726830490420e-03 3.000257482607467108e-03
1.525435605593955524e-02 1.747237131848094951e-03
2.496534277244145603e-02 1.742066323609391251e-03
3.232519791923735286e-02 1.840838868056007306e-03
3.245971832906601601e-02 1.723322043055917994e-03
3.496631938098535008e-02 1.699195243960054330e-03
3.563300987795253033e-02 1.790728647317585496e-03
2.855762356669787339e-02 1.623293321446838376e-03
2.382655281888528334e-02 1.597390997252963333e-03
1.877810703754635366e-02 1.483233228730905561e-03
8.276695231664575256e-03 1.166494758417287430e-03
-3.207090010526550232e-03 1.323669132533494787e-03
-1.615717588187004505e-02 1.923891254727960569e-03
-3.334731938580619975e-02 2.528360044741157723e-03
-4.900015575063753487e-02 3.382793073610288696e-03
-6.114745328447890316e-02 4.143889123469871039e-03
-7.894820089270984664e-02 5.463002662683820801e-03
-9.496805821355761013e-02 7.352649842902564750e-03
-1.054619049584270413e-01 9.279380439038328529e-03
-1.139635657156600618e-01 1.161724972745553468e-02
