4.886221540607710561e-04 8.606314107233083849e-04
8.418632108494070393e-04 5.832185730226099787e-04
5.748170916823417027e-03 5.857551386255216300e-04
6.640459970130275190e-03 5.986061508365454103e-04
6.549549655004154210e-03 6.627753764244039046e-04
6.838407038012500605e-03 7.898222752744371708e-04
7.041583802668529429e-03 8.194702324696996176e-04
9.941861904198040847e-03 9.608270937058682954e-04
1.128202324418250101e-02 1.015781983939136870e-03
1.220004108626799623e-02 1.212642755323137689e-03
1.466295809925288220e-02 1.104210485654280247e-03
1.983299809395392549e-02 1.466180419603595880e-03
2.568637374153610181e-02 2.098117591916006698e-03
2.558352525822445503e-02 2.634968238141867022e-03
3.144069855167747063e-02 3.203142280552952366e-03
3.943170251642950236e-02 4.471022857681315570e-03
3.122834155242649318e-02 5.271180804229323204e-03
5.067051286123530618e-02 7.381716112639389975e-03
4.848544528794602321e-02 9.067157929465871624e-03
3.975964101254758631e-02 1.213864396634327034e-02
