4.276579264621647048e-04 5.354656092592145278e-04
-9.323034459894036599e-05 3.854587285043918296e-04
3.127789674474779590e-03 3.684698198699876137e-04
8.520903223167302157e-03 4.624495507763889371e-04
1.277773825742079851e-02 6.091623531443851602e-04
1.981282267626031934e-02 8.356550780941377453e-04
2.471027632912975794e-02 9.690155797577203927e-04
3.316392582232784852e-02 1.296401896442843978e-03
3.879142208195554553e-02 1.520640527249704369e-03
4.408612261201425714e-02 1.760986695375439280e-03
5.245936712992598644e-02 1.934606466661572188e-03
6.348381442896700033e-02 2.411653107867017115e-03
7.258720365295268095e-02 2.895845686117727059e-03
7.824862247669425730e-02 3.255873990659686936e-03
8.921011080085712586e-02 3.706838576796347724e-03
9.375320469209015573e-02 4.228849715164408399e-03
9.194118747108934175e-02 4.932422528065918792e-03
1.045078572646079562e-01 5.854578878529206019e-03
1.079772846768558142e-01 6.917309145076918318e-03
1.224274377150097043e-01 9.016479403149211050e-03
