-4.813724078415892072e-04 6.175106445794366350e-04
-9.689717997848977093e-04 3.792856691622427455e-04
2.629443294491016180e-03 4.075508924455008134e-04
3.656459360747326033e-03 3.968705707221589990e-04
5.454343925609396806e-03 4.826501749520263314e-04
9.095947279726910098e-03 5.816943148630622767e-04
1.141230661624089565e-02 6.896188389442399480e-04
1.643201201270550610e-02 8.771141857223600357e-04
1.956780685775083573e-02 1.040425332801574697e-03
2.457920138200689678e-02 1.312603863050944590e-03
2.925579973801730252e-02 1.413757582106760875e-03
3.777962856179092888e-02 1.745971593115610903e-03
4.584537853903057625e-02 2.269940514887203858e-03
5.144766812372019577e-02 2.508501349580960754e-03
5.826502117527221358e-02 2.919031064080349850e-03
6.750421059423378223e-02 3.630469433374657658e-03
7.782476225412858495e-02 4.548413387743780942e-03
7.897963737537283535e-02 5.746059866290136389e-03
9.051139689781557973e-02 7.000441311053583540e-03
7.909142349700608310e-02 9.066986568834652094e-03
