1.251437407465810434e-03 6.261912928337646242e-04
9.593013058598781270e-03 5.937882804598578531e-04
1.871026179196779923e-02 7.506719995508799549e-04
2.313860131697291142e-02 9.338927341541742710e-04
2.382073871298047776e-02 9.734220307499665296e-04
2.217542990073120487e-02 9.411290864170789722e-04
1.911636039817698682e-02 8.147237131158153664e-04
1.628663090370943353e-02 8.727046297241556044e-04
1.196754479965673156e-02 8.277133050031955461e-04
5.932570763977930255e-03 8.531199817164010447e-04
-3.126132489184497380e-03 7.343560795222749691e-04
-1.564401597273944525e-02 1.148268655216320251e-03
-3.149620950492487692e-02 1.771120894939859358e-03
-4.825700172708259628e-02 2.447520450754063753e-03
-6.033373576988742409e-02 3.115997516713684117e-03
-7.575636809363017754e-02 3.965175259758414901e-03
-9.330754724533742162e-02 4.934355170379697841e-03
-1.054737078680202250e-01 6.262538619366131952e-03
-1.247285037413953523e-01 8.167867179860633861e-03
-1.308104400854701310e-01 9.690771085687110986e-03
