5.932200732810316221e-04 5.548795463401899782e-04
9.172307153162719690e-03 4.083437893673113467e-04
2.656231904487060119e-02 6.946234382728414198e-04
4.624455821881214707e-02 1.115662788076531237e-03
6.492735713456532221e-02 1.517912182776539080e-03
8.262774669478969991e-02 1.933288915997692864e-03
9.870931818579201100e-02 2.263019954433571033e-03
1.148231251800710256e-01 2.580132461224838875e-03
1.285865678627302888e-01 2.972222396147570968e-03
1.428634773661050239e-01 3.204770577768053900e-03
1.605943799057490684e-01 3.556548830742014763e-03
1.842933941355499872e-01 4.044230590122459799e-03
2.025562743821470169e-01 4.496224695111864823e-03
2.204503768727560098e-01 4.955932114572211659e-03
2.334650580635036499e-01 5.226560112096662568e-03
2.478122950894949272e-01 5.707095414050650239e-03
2.594239915517598805e-01 6.290299776338783254e-03
2.733207349625595972e-01 7.222047819592211475e-03
2.864027836026303842e-01 7.751546781237580487e-03
2.934445377960793189e-01 9.922193830766303999e-03
