6.480086137839041749e-03 9.418732201342530294e-03
-2.888578004212149445e-03 5.227269139888668023e-03
3.410328291572409243e-03 3.880345293297502926e-03
4.580890174506440336e-03 3.488767857985183157e-03
6.380117261051357000e-03 3.072989426151386243e-03
5.380730266861444202e-04 2.883206117204988907e-03
3.197790926612836641e-03 2.577459310027081524e-03
6.781932757640636925e-03 2.565489697460546139e-03
1.185936925613693092e-02 2.678478670879148437e-03
1.301345258239275209e-02 2.238058399542854765e-03
2.641304787068450913e-02 2.035246908328895276e-03
4.597624519587575898e-02 2.411483708556593029e-03
5.900846736185810099e-02 2.773901517914622271e-03
6.969281501076113328e-02 3.175042216704385654e-03
8.216812417383330402e-02 3.994351611665510927e-03
9.151252423910051503e-02 4.603848248367922377e-03
1.048061981245255875e-01 5.533423680364507775e-03
1.126472989766030275e-01 5.995234057810176244e-03
1.144666189906931308e-01 7.796463049543645232e-03
1.219352386248831327e-01 8.073807222132660041e-03
