1.120610864123011696e-02 9.003144013877736884e-03
-1.798598789365987065e-03 4.814056491457819470e-03
9.319440769215451767e-03 3.889905097323450873e-03
4.196280065592002465e-03 3.260562396189191532e-03
3.095774578067134446e-03 3.007185303188823332e-03
1.219622293252712285e-02 2.838433903326931934e-03
1.714523704368158680e-02 2.778621189664902055e-03
2.928743779198154581e-02 2.538648686537327975e-03
4.580892363176837512e-02 2.750764103394766000e-03
5.712379621841553318e-02 2.695970784571983993e-03
8.178614483059769291e-02 2.608862463644598395e-03
1.175644706836669745e-01 3.307854956550176136e-03
1.482157659061937582e-01 3.814237784823148580e-03
1.778116779605939668e-01 4.387144423589213124e-03
2.070550908886509833e-01 5.148663287207981727e-03
2.307274014659300987e-01 5.603042489189677400e-03
2.534047160782729735e-01 6.369408490791276557e-03
2.658092901955700360e-01 7.295774251067872751e-03
2.906874114722454716e-01 8.257507311957767646e-03
2.932397299695583270e-01 9.150124735767898795e-03
