-6.362398565610978204e-03 1.004359703032039856e-02
-1.373637482189430997e-03 5.324792434670731767e-03
1.001505900153732993e-03 4.206613173238999207e-03
-3.420554720622216108e-03 3.692618781111592016e-03
2.711609934778513951e-03 3.496351648403832769e-03
2.839722694045283737e-03 3.100551574669976971e-03
-5.478278249654917236e-04 2.887475930255133365e-03
6.544270305768638309e-03 2.627735726571921084e-03
4.834238850076643876e-03 2.583835674532962076e-03
8.740670675528944278e-03 2.566059434869167894e-03
1.377352648765121229e-02 1.938313740048248478e-03
1.932829123520537692e-02 2.124485951549414959e-03
3.293819819338690558e-02 2.552890544136849228e-03
4.418111441807477668e-02 2.976239325414151236e-03
5.690072509331126072e-02 3.659830837511294024e-03
6.214053790680015843e-02 3.876103456079832855e-03
7.152200163429081603e-02 4.924054942106235663e-03
8.135354294205103531e-02 5.847592711594878055e-03
9.587628676143804263e-02 6.925745730379851729e-03
8.556818135200856823e-02 8.899973454634469219e-03
