3.130566145913034250e-03 9.650301637519285644e-03
7.615538929237668404e-03 5.979380131233462750e-03
8.942944974196087929e-03 4.225115956267219697e-03
2.121753774103310106e-02 3.939846213472690366e-03
3.568275822671501674e-02 3.532905545042878265e-03
4.110083584459892081e-02 3.535337400627178075e-03
4.932415501577437633e-02 3.482207625741573324e-03
4.667146245808002220e-02 3.387679346675575177e-03
4.466322161814301195e-02 3.217563151271169743e-03
4.952974283559163915e-02 3.216405631094802157e-03
4.125773732824281753e-02 2.446027940258623488e-03
3.112062377356222126e-02 2.192895659251824832e-03
1.512361316989865867e-02 2.211569335260343827e-03
1.365717233131690076e-04 2.388136823814720772e-03
-1.940794142504832787e-02 2.978796880019625015e-03
-3.184060033383791233e-02 3.857902830175804262e-03
-5.251590531339889872e-02 4.512316337493316870e-03
-6.450719269828178448e-02 5.730962987077674840e-03
-8.164868623883886345e-02 7.220339670744499103e-03
-9.679319561079199885e-02 9.162112355631810492e-03
