3.331079215744607580e-02 1.418105202155947077e-02
-7.879066928130432426e-03 7.918344913106863461e-03
-3.241307337646371928e-03 6.307361457740724708e-03
4.145790467062617640e-03 5.579094184049475033e-03
9.683725124699532616e-03 4.779169680979395915e-03
-4.234192968338595410e-04 4.454246662015281383e-03
1.380775537682159965e-02 4.214594854141448868e-03
7.653080947172905685e-03 3.705330952453232771e-03
1.105869669665675813e-02 3.675646270728175416e-03
2.902414708432685207e-03 3.792601741053898846e-03
5.825171533912268211e-03 2.802795606232213587e-03
1.424514798247261509e-02 2.971796360264165361e-03
1.283600997919261133e-02 3.232387678865762410e-03
2.662058379417855253e-02 3.236541392928924104e-03
3.142197571319293309e-02 4.168400963748341605e-03
3.684776317879237539e-02 5.040498315642753281e-03
5.681903808714100501e-02 6.460603018110074730e-03
5.327972916301382950e-02 7.417226963678988892e-03
6.580328676935356946e-02 8.921401287904431876e-03
5.164029903494526258e-02 1.187879276228767482e-02
