2.141532237501839880e-02 4.575213367291636191e-02
-4.915637464669645601e-02 2.633686451373973628e-02
3.527702037826187242e-02 1.897664483878754721e-02
8.632670616716043091e-03 1.622346507200391960e-02
-1.731295958136199950e-02 1.507249850698228616e-02
-8.940892006160112548e-04 1.361944031502304239e-02
-5.189347119894500114e-03 1.222044422115090359e-02
4.119205785176997120e-03 1.188456222770995115e-02
2.872307957040273405e-02 1.089664166258254990e-02
9.093824890162815339e-03 1.121843871547336009e-02
2.543691981118172130e-02 7.327170896641008874e-03
8.995072647031320673e-03 7.499279585649267117e-03
1.148382864977214209e-02 7.125293432372971185e-03
2.140107189988434827e-02 8.138146378784672647e-03
1.399203034578941178e-02 8.755324637816570485e-03
6.245995464515473675e-03 1.004800302507333036e-02
4.645305046093797102e-02 1.254110836982088098e-02
3.103759343633743367e-02 1.437905721904838598e-02
6.101756089454427739e-02 1.803362266106844913e-02
9.254626174825918150e-02 2.301906144627385853e-02
