-2.336926711897072562e-03 3.082784673720700280e-02
-1.983972646429630129e-02 1.763998904866110815e-02
-1.023170426603737561e-02 1.438534420591872434e-02
-1.592866637104457458e-02 1.129296871718119162e-02
3.751200438238691537e-03 1.056261446433138726e-02
-8.713505350331631621e-03 9.096133507366464116e-03
-6.254884793647685383e-03 8.334188365933371465e-03
2.262773798785906818e-03 8.029357588632268783e-03
6.768346116809851459e-03 7.471497152025003384e-03
1.051804941911211938e-03 7.554919198053233753e-03
4.394844301965684409e-03 5.131765833942586799e-03
1.445455522023189783e-02 4.845566563026672963e-03
2.720863547083566397e-02 5.273791691553523543e-03
4.504484875821698764e-02 6.007000079743980703e-03
4.932022558155228081e-02 6.159554614903855509e-03
5.026670692479488778e-02 7.650546799276605227e-03
5.846772447471115103e-02 8.632075467474456185e-03
8.249659799667184712e-02 9.806077450641881299e-03
8.877449821311055034e-02 1.329048363855516585e-02
1.079641891324523151e-01 1.568642012892618523e-02
