-4.035571900387515537e-02 2.981104770594424080e-02
1.472862533177161752e-02 1.665627914484608257e-02
1.907757850614677378e-03 1.268379920267115150e-02
1.137565633572820353e-02 1.103507423450884005e-02
1.204703532187991616e-02 9.854236859874332052e-03
-3.533614092557291935e-04 8.047205083900520195e-03
-1.124436041699022025e-02 8.000117331349544322e-03
4.494743182753871760e-03 7.748935398555317419e-03
3.018050969174601019e-04 7.186204069102093694e-03
1.002125090232214993e-02 6.721935241351540379e-03
2.989164281177227392e-02 4.660562166849169068e-03
2.992620308866739826e-02 4.510717670733903339e-03
4.225055796952439935e-02 4.725155345339282324e-03
6.531813261081600985e-02 5.534298428787430037e-03
7.425916790158830494e-02 6.248495960311841943e-03
8.982893633973428049e-02 7.476797429310975095e-03
1.018061464113205750e-01 9.063553443041107507e-03
1.170054250427238623e-01 1.014604256943243792e-02
1.022016105705924882e-01 1.184099648902420948e-02
1.239693794041943908e-01 1.546475992006939547e-02
