3.236028633848347935e-02 3.365918627985737405e-02
-1.898930784084671905e-02 1.990446810898935381e-02
-1.367127517699337708e-03 1.421275960390010369e-02
2.420432233310507511e-02 1.140364380993346381e-02
2.024922027145291403e-02 1.069724331665969190e-02
2.144965417669491767e-02 9.778049014727086333e-03
4.843215242803735471e-02 8.826514499837991024e-03
5.785868326957236546e-02 8.619158477459360271e-03
4.882091115490966304e-02 7.857459731967665964e-03
7.143792507475178744e-02 7.915919225053892616e-03
5.912138833560309781e-02 5.497449099616501418e-03
4.543866718749749178e-02 5.233601615817179420e-03
3.524558079332135163e-02 5.521297276733841235e-03
1.933515962156518928e-02 5.757973968949290158e-03
-2.422994240131557796e-03 6.058549616574051243e-03
-1.641168750222437786e-02 7.288204595615101027e-03
-2.556620642467347451e-02 8.724288700678576106e-03
-5.433593842776844596e-02 1.036279220017536674e-02
-6.668135414698349306e-02 1.281862042759245555e-02
-9.409528091456104137e-02 1.682365637120910792e-02
