-6.780373795219923894e-02 2.854820707819159809e-02
-6.878691529440180211e-03 1.662915026448203229e-02
1.478881097841126639e-02 1.268875508873377848e-02
-3.784476141127431515e-03 1.060364885249929535e-02
1.989744736262704858e-02 9.430603150542201177e-03
9.047773077653763901e-03 7.988432977189763307e-03
2.579004800864229813e-02 7.775015650779793473e-03
1.707986198116628190e-02 7.445818035241688788e-03
2.737386048985993720e-02 6.969591106078446181e-03
4.014354308074251365e-02 6.532558033248658975e-03
6.162086672194943410e-02 4.803576975533855459e-03
9.569934042337462088e-02 4.857978983207921105e-03
1.350120923021496944e-01 5.525502768086493557e-03
1.626379732027597447e-01 5.997665583810115816e-03
1.858189760748171215e-01 6.896141154347890101e-03
2.078781014737179078e-01 7.890645366850990508e-03
2.247510011082893278e-01 8.674010722460431116e-03
2.506933154217367843e-01 1.000394836086158055e-02
2.763743748116895826e-01 1.231238773293614683e-02
3.026006102563164601e-01 1.526084038944353592e-02
