1.156711465544584330e-02 4.208242346750194762e-02
4.130180411188117545e-02 2.749841468090622951e-02
-1.559167138759802625e-02 2.177958199856679447e-02
1.595500546885432816e-02 1.699816249572549259e-02
-3.789100187220054844e-02 1.563496648534378961e-02
-2.537942385074386936e-02 1.444600968001516841e-02
-2.966367246425685028e-02 1.233100961680656110e-02
1.930514520236623890e-03 1.230953129246643851e-02
1.795672838012801840e-03 1.119925611262759593e-02
7.772137696089640065e-03 1.001710991894831822e-02
1.169709587085808467e-02 7.027894094316293298e-03
1.123204220295080311e-02 6.751048381144496117e-03
2.262027328700127668e-02 7.213029225582329867e-03
2.305735357204162159e-02 7.118398059876389176e-03
3.076069623084098925e-02 8.026291158338711568e-03
4.665310287890328533e-02 9.389994193709677237e-03
6.672004651706694989e-02 1.113595391850849027e-02
9.199870394730917667e-02 1.359832912258533179e-02
4.918251092372035588e-02 1.604199006815937301e-02
8.339631712190397062e-02 2.002859946435904884e-02
