-9.311291842934922569e-03 5.875359286788223862e-02
-2.696446473000254501e-02 3.914910738257103978e-02
1.164198373451624108e-02 3.243137207087989915e-02
1.389623869807217818e-02 2.596887302038727169e-02
1.131022209073650076e-03 2.315695943195579531e-02
1.423870459987815716e-02 1.927252446395321880e-02
2.435436273963524634e-02 1.853016094214070958e-02
1.765524989238502832e-02 1.641158437484966509e-02
-2.157883369457927122e-02 1.734312637555371697e-02
3.794912154656808305e-03 1.488555186443708996e-02
-3.164838367179509566e-03 1.004991900968793539e-02
9.941784685329139309e-03 9.371674528693101427e-03
1.775809723025830941e-02 9.896943953056621529e-03
3.355728241583225829e-02 1.134449996432453089e-02
6.472945519348675958e-03 1.103052893598234323e-02
6.053210075480642410e-02 1.350010341931721751e-02
5.169976984456010893e-02 1.593768804947984230e-02
5.523770483196198400e-02 1.839170307623801473e-02
5.461763755072097937e-02 2.367133870480825006e-02
8.371549302704317519e-02 2.978979020382507836e-02
