5.235432393474929655e-03 4.169025599782062025e-02
2.942921653842886509e-02 2.772575105694594089e-02
4.178858161516986469e-02 2.181582214045466039e-02
2.489882321516858135e-02 1.902500579860812169e-02
2.635177518107107222e-02 1.576586614637107142e-02
2.850006234685578677e-02 1.430097044601553492e-02
4.659275495749298779e-02 1.391441771525915930e-02
5.033529505061949683e-02 1.212933878399744848e-02
7.274180032310828548e-02 1.229226749231831887e-02
5.784687414600495070e-02 1.145013099248394332e-02
6.196961833405473935e-02 7.421697370037127345e-03
6.081951045420921909e-02 7.142195773056243639e-03
3.636019344812661119e-02 7.420926959980918107e-03
2.768166606739172822e-02 7.564981845550870776e-03
6.354212081134332467e-03 7.973511369155901127e-03
-1.291284390849507108e-02 9.578227146729399386e-03
-2.960053891560317924e-02 1.015344392576200683e-02
-6.693100829868733892e-02 1.307610972355083799e-02
-7.013129241922164137e-02 1.639344996757697084e-02
-8.983337058661389207e-02 1.975171743886808620e-02
