-5.899881593708924260e-02 3.920927130323798027e-02
1.460384117240957035e-02 2.530198013240861007e-02
1.487768053150555908e-02 1.928120575288717192e-02
3.651255060982964290e-02 1.598453333986275121e-02
-6.822391456209721608e-03 1.423649931963752099e-02
1.656313684457049601e-02 1.276107223500199013e-02
-2.545980247859552965e-03 1.129015283172448217e-02
2.316955705792918263e-02 1.059931736608881077e-02
3.154707726317382277e-02 9.993373772559790286e-03
4.736783001873121762e-02 9.977336652327526909e-03
6.643337035127702683e-02 6.832170978957852539e-03
9.526126507238220908e-02 6.319996952611694856e-03
1.311962929559222779e-01 7.040155859878154988e-03
1.538245023947304724e-01 7.568130309071729317e-03
1.803838961660665652e-01 8.136607909064973165e-03
2.025587807674954222e-01 9.027368284181574998e-03
2.310848740595851381e-01 1.061895207306428300e-02
2.371628445357886750e-01 1.229257807096037144e-02
2.575354530252988994e-01 1.411364383517480295e-02
2.735850034474747172e-01 1.725921537984209317e-02
