6.098335716676624857e-02 3.891880189545290220e-02
2.124340780711726773e-02 2.604984829934392856e-02
-4.135793865993747653e-03 1.961896872341827372e-02
2.798404130927505812e-02 1.678631283449604633e-02
3.921458932504961331e-03 1.461473311583137528e-02
-1.164293666826388216e-03 1.251784956530390715e-02
-1.860119486684905926e-02 1.167660859563310165e-02
-7.466464147470571258e-03 1.089599125989407225e-02
2.808559770797360803e-03 1.039744274487090954e-02
1.761942479541917309e-02 9.767485922638242946e-03
1.078432874589835451e-02 6.905307162142565285e-03
3.861405818920007199e-02 6.209545682672336538e-03
4.555084193692795352e-02 6.724969597864778430e-03
5.814578524125102454e-02 7.169032220692993923e-03
7.646509149711409881e-02 8.212802635098784276e-03
8.119346465070109709e-02 8.792004974073473755e-03
9.681273033324451494e-02 1.047035655974850460e-02
1.140504271046609425e-01 1.262438313902540694e-02
9.971496742278038172e-02 1.508416364165459690e-02
1.470597559714776348e-01 1.809787188588239670e-02
