-5.303932977892056094e-04 7.263174143983644514e-04
-4.758187797775055095e-04 4.748021944554040074e-04
5.564267583103794761e-03 4.668055320242350923e-04
5.355532735049693509e-03 5.065620782087230326e-04
5.637483595513546886e-03 5.439075609294627585e-04
5.554187416419349016e-03 5.731806166420597452e-04
8.332755724898445807e-03 6.434541255670491724e-04
9.507816483717483266e-03 7.420117614256867104e-04
1.071055724423538268e-02 8.487856611318759289e-04
1.423418654616014946e-02 9.827159045686546801e-04
1.661147106864145975e-02 8.970550238278006362e-04
2.075987835748533891e-02 1.282116156921210212e-03
2.644770874417730691e-02 1.620980295372703240e-03
3.279419863312454941e-02 1.934578280916607633e-03
3.428981204641681074e-02 2.352423572198624607e-03
3.853023277602450614e-02 2.793985471035849346e-03
4.791994161249447243e-02 3.537517141809992140e-03
5.580450643153578305e-02 4.582581184892344991e-03
5.536120718638042060e-02 5.756212768538182881e-03
6.699175920758899949e-02 7.447285893393247071e-03
