-1.307512004626583669e-05 4.822195137998899891e-04
7.483380571878688048e-03 3.749684073444728687e-04
2.343777841136552437e-02 5.534673144748632288e-04
4.140056040786766617e-02 8.810485460436865562e-04
5.891109906155998083e-02 1.231634671869252188e-03
7.668455813783425778e-02 1.607290377174260074e-03
9.313486593011632841e-02 1.943511630528018883e-03
1.078002465673815607e-01 2.228838755266861985e-03
1.217828661830872850e-01 2.523474088336377652e-03
1.340208395248353446e-01 2.773207918702612872e-03
1.513765488074156618e-01 3.093585539645759327e-03
1.722246193715492868e-01 3.500767841721890653e-03
1.906935045833859921e-01 3.868058231189789274e-03
2.062166130221436133e-01 4.128937161163334472e-03
2.184704794532485173e-01 4.428457183856970673e-03
2.328246245361552669e-01 4.724213519882898560e-03
2.449451686395455463e-01 5.066432872920705391e-03
2.535029660065387103e-01 5.492789652837899717e-03
2.646869215705796030e-01 5.967682270459726858e-03
2.792413345986742290e-01 6.976548989573696374e-03
