-4.304054174717361321e-04 4.723856994480568443e-04
-2.079938149305942373e-04 3.392577207803544365e-04
2.678274277071182857e-03 3.102835647981308010e-04
7.298540755550440851e-03 4.421230469649059720e-04
1.244322159807441722e-02 5.485400798016789670e-04
1.824919828604284339e-02 7.510186482247922009e-04
2.471975686262389837e-02 9.844216177417727462e-04
3.091900773939748256e-02 1.181832997059884590e-03
3.807716322470527243e-02 1.487790724070937008e-03
4.305697507433148968e-02 1.616130356172612798e-03
5.181804294163766533e-02 1.930162181207404574e-03
6.152838244403985302e-02 2.298679697309254696e-03
7.135970502930975845e-02 2.728045801667760943e-03
7.981898221896008283e-02 3.025159783241375758e-03
8.497516345352477962e-02 3.359999893276315128e-03
9.294656701072273597e-02 3.783317155583340499e-03
9.671100689931159955e-02 4.123455080538864469e-03
1.036630716904661936e-01 4.626067444381618508e-03
1.124477586224241071e-01 5.403152028736621197e-03
1.189538517405125950e-01 6.322801799642930286e-03
