1.968944788125855707e-05 5.019308537235494692e-04
-2.420535133178923915e-04 3.509511458198588001e-04
1.881811652633853587e-03 3.269800986144655417e-04
3.267166244213923123e-03 3.263321480763792617e-04
5.785890009726909512e-03 4.306480755848348871e-04
8.869438683483216526e-03 4.887099698014528339e-04
1.222396192239185927e-02 5.945312281045922118e-04
1.718154213290633281e-02 7.683856744594726564e-04
2.071069658287644569e-02 9.378710173013091005e-04
2.559348710307474128e-02 1.053806993966289714e-03
3.267663218496945354e-02 1.235170913127521574e-03
4.091427798566341784e-02 1.576554776241253543e-03
5.196919470716040990e-02 2.062608488160954864e-03
6.083540736939971327e-02 2.449049389456694776e-03
6.647885493725090578e-02 2.643334722814358068e-03
7.618874508629243369e-02 3.146801041226053672e-03
8.316533273569964857e-02 3.623682749885051221e-03
8.660770565746575556e-02 4.097058197515760468e-03
9.619693740131957105e-02 5.138157853638405589e-03
1.035524699998052467e-01 5.785245769460195704e-03
