1.633823701383500500e-03 5.750596705127661301e-04
6.236844053086974989e-03 4.836322184375917523e-04
1.616236201463626398e-02 6.632877310659286403e-04
1.957074421417436330e-02 8.270176748514056469e-04
2.066950388268083000e-02 8.658911023292060159e-04
1.971411690637526332e-02 8.184679061376489871e-04
1.912114747043236820e-02 8.878811628380082468e-04
1.593188054834723463e-02 7.679160342950266688e-04
1.275433295928277318e-02 7.460470857670924378e-04
9.223466528385595303e-03 7.673705208393131593e-04
2.253558428494796192e-03 6.124517674937240324e-04
-6.742652384276485653e-03 8.512670308612165296e-04
-1.550073619870639269e-02 1.211464136422012563e-03
-2.430867907782648107e-02 1.698047875036681623e-03
-3.464816166043683393e-02 2.209271872676252940e-03
-4.173515512500734770e-02 2.631684962794529452e-03
-5.536580453530930840e-02 3.343302264700851768e-03
-7.029396825081277167e-02 4.445935964573130388e-03
-8.620552809348537571e-02 5.429374897227678270e-03
-9.787947695463804221e-02 6.771655193830096627e-03
