1.691750890810163810e-03 2.378690823992131182e-03
3.888269476681563332e-03 1.408080355759512917e-03
9.856172254292585103e-03 1.135431309501466453e-03
2.180050911335797842e-02 1.136374577177010721e-03
3.445378180905789289e-02 1.271207154536356694e-03
5.364331616708054723e-02 1.546043144079189101e-03
7.357835151541319840e-02 1.807255473659762253e-03
9.016317073062707355e-02 2.099299681243763007e-03
1.078144214807463114e-01 2.448352828286307591e-03
1.235295372450835455e-01 2.758173784625322662e-03
1.482529850747177358e-01 3.172697849337275788e-03
1.788691116154481897e-01 3.715758611836068783e-03
2.046882298562285596e-01 4.265110500423923562e-03
2.290830512124888141e-01 4.896933922749016968e-03
2.564100145208630388e-01 5.746322333670597117e-03
2.777091061958332774e-01 6.486759038999532698e-03
2.959026425170508956e-01 7.811875376617444071e-03
2.801708454327985764e-01 9.616745841090583793e-03
2.744309259072341134e-01 1.280955208170822535e-02
2.727140656254912754e-01 1.693520370478514281e-02
