-2.335156982283328206e-04 2.546361676507837620e-03
6.152033610555629820e-04 1.526223118589280919e-03
6.237211279914074442e-04 1.201048944609632617e-03
-1.100637624903374936e-03 1.101347596421945168e-03
2.026942455220812327e-03 1.067589633582904539e-03
5.284481066911192459e-03 1.041958366200459443e-03
7.851143416960680924e-03 1.052358317812341314e-03
1.328263177764359843e-02 1.240728278977254895e-03
1.795091316545734117e-02 1.297427837418099793e-03
2.430821940111065754e-02 1.458737395944977857e-03
3.130726155964690810e-02 1.519547929505096588e-03
4.298041807215048637e-02 1.950258027336221464e-03
5.416901578421517288e-02 2.493666743049471630e-03
7.505376071783670389e-02 3.492247594375264257e-03
8.070562343429783791e-02 4.195639678031050715e-03
1.008435214441121136e-01 5.675354385009391198e-03
1.060143124486281757e-01 7.108172139624885713e-03
1.021459787849032380e-01 9.784654017996885500e-03
1.104217919919890101e-01 1.372230721426556839e-02
1.298509978249313690e-01 1.938005237390151222e-02
