-1.846043663026951604e-03 2.520228825422059921e-03
1.207662204339744966e-03 1.431400885251334467e-03
3.061597926258788523e-03 1.178080250600871837e-03
3.655248184475070466e-03 1.069330392746635191e-03
6.031402318723792094e-03 1.021975408601885453e-03
1.253939224150824733e-02 1.063228137587491360e-03
1.671073897459517815e-02 1.169231594113531985e-03
2.520068796704044711e-02 1.322669332787608076e-03
3.307738976230124167e-02 1.607998393475279508e-03
3.895063482831108426e-02 1.810533405958295429e-03
5.112326138573643208e-02 2.123093423006064146e-03
6.467404296260005625e-02 2.654803052437156464e-03
7.935174358234470260e-02 3.404947582829178331e-03
9.063971677973862995e-02 3.815614286223582320e-03
9.789166779670101237e-02 4.668066920651157102e-03
1.120455946815549497e-01 5.890333049883345051e-03
1.156539028444730777e-01 7.135871235331724821e-03
1.005663260881146104e-01 9.533869888717353552e-03
1.229115470181811470e-01 1.292677176081230735e-02
9.662036193307134424e-02 1.794790136398999314e-02
