3.073006906084755057e-03 3.000679426915967875e-03
8.967284994945168633e-03 1.904599052244005872e-03
1.919992776818131922e-02 1.567583670599876841e-03
2.532826529160481580e-02 1.651834482717824508e-03
2.835362812702786617e-02 1.624019312272123507e-03
2.759937199013816692e-02 1.567839230652912910e-03
2.807426471314180758e-02 1.519125671572086212e-03
2.472942784497975804e-02 1.499197948738462648e-03
1.688681707399446522e-02 1.419546907018131654e-03
1.420206639560082224e-02 1.538921196534153053e-03
3.404291645210569695e-03 1.110989512443596181e-03
-1.310640010830007272e-02 1.590647107595516418e-03
-2.749832970315086930e-02 2.264469011851801949e-03
-4.195368634994573603e-02 3.111124978085163910e-03
-6.041798497561033654e-02 4.307283694275684111e-03
-6.757218177158721972e-02 5.495714920609367019e-03
-9.449245453410347328e-02 8.189898881353312524e-03
-9.795806171843415844e-02 1.111813533848802875e-02
-8.798132753256551752e-02 1.537910109742419637e-02
-7.998591505974307625e-02 2.174537810945813276e-02
