-4.324177434756276348e-03 3.664459666603226730e-03
-2.694467050107715155e-03 2.092187285892214976e-03
6.052766313427746653e-03 1.680994298265575974e-03
4.809052507975072020e-03 1.491969992071400398e-03
4.674145698813499464e-03 1.465125417624586236e-03
2.392793058076559017e-03 1.433837085229432541e-03
6.316569486661714576e-03 1.391846159268588304e-03
9.423433805558569659e-03 1.488598455937630363e-03
8.490210745869987072e-03 1.667455073388793502e-03
1.208796919331015310e-02 1.789867400728300910e-03
1.594715723310368219e-02 1.500478547826588314e-03
2.195314404054287544e-02 2.042493582575856739e-03
2.899021577035925529e-02 2.715331460913022240e-03
3.718647505028947059e-02 3.276772137805431407e-03
4.171971155145060700e-02 4.409227815253368224e-03
5.325044495657244720e-02 5.893851641201313697e-03
6.359039212861943013e-02 8.561371926587445572e-03
4.054655076359847676e-02 1.265497963837055977e-02
4.926135100254730448e-02 1.781656346002264552e-02
6.423363106657029031e-02 2.662747132966857347e-02
