5.887001500696242601e-05 5.151964098029163108e-04
-3.032441941091267067e-04 3.577393149056142647e-04
1.989092366827091736e-03 3.494730351168816719e-04
3.803742041055979076e-03 3.544666381366832564e-04
6.448370361693818269e-03 4.786308132557709027e-04
9.779103721095961516e-03 5.417864488780208465e-04
1.385424384372976013e-02 6.647296178043062735e-04
1.935199513316795614e-02 8.734676173802706630e-04
2.399098142996016966e-02 1.080874870295133383e-03
2.989136326436818425e-02 1.303472245761256362e-03
3.917866607654409139e-02 1.473171618826903898e-03
5.128957016571224908e-02 2.034639526814650476e-03
6.901328346790502888e-02 2.818492105845027320e-03
7.859912072827400509e-02 3.326072111405232925e-03
8.634767293075695793e-02 3.731319992132335790e-03
9.516247478914571789e-02 4.886425050985809988e-03
9.893511935407446611e-02 6.199475040120005706e-03
1.026905952922029241e-01 8.312198868193128309e-03
1.077243382953373824e-01 1.134858762426970737e-02
1.141928525517363485e-01 1.624628696309810688e-02
