-5.988339552276183628e-05 4.980177073300118490e-04
7.732480611041454323e-03 3.834076450441271044e-04
2.475862465299211862e-02 5.853926314780559439e-04
4.429296649246350359e-02 9.383224981934256467e-04
6.403323857037353239e-02 1.336224749676365045e-03
8.371321574109058528e-02 1.742060979459406729e-03
1.020725607538849333e-01 2.117324611463904972e-03
1.200212977559618616e-01 2.485594770392186501e-03
1.361047411490167725e-01 2.818636327562798298e-03
1.516529230607422951e-01 3.129302937923778179e-03
1.738535524597003556e-01 3.525117870436792443e-03
2.026658614598926267e-01 4.086512761798963798e-03
2.283897057028592414e-01 4.576723657433464862e-03
2.506568772080410845e-01 5.027435590645851042e-03
2.607241351662044071e-01 5.455587571780152328e-03
2.703478517933668446e-01 6.047959088077078937e-03
2.681562206959122729e-01 6.841347259760007134e-03
2.708931846159771673e-01 8.427008511925087111e-03
2.584408295215843143e-01 1.082169985116259586e-02
2.525759651647690451e-01 1.489871669995202624e-02
