-4.107406407153573846e-04 7.407578562172352239e-04
-3.246212792140052501e-04 4.919920438933074068e-04
5.585079038602034501e-03 4.760058339706313706e-04
5.564461857792678615e-03 5.383431091195165288e-04
5.828113338772335054e-03 5.802393035121671937e-04
6.178684801745943332e-03 6.440299732481388284e-04
9.174697716484509630e-03 7.436354729926243200e-04
1.013466321891628649e-02 8.822923445379084184e-04
1.235016935780794585e-02 1.023794458967805564e-03
1.621225605153665122e-02 1.212782438152870679e-03
2.019722229841730554e-02 1.153083287833632856e-03
2.545422690481447675e-02 1.646092035482504779e-03
3.394258980427869443e-02 2.284984011720593566e-03
4.748635397810835324e-02 3.326840192487027364e-03
4.847959284947139791e-02 4.250945027516835929e-03
5.117483089186725120e-02 5.384539285045267590e-03
5.566753749055994294e-02 7.677724991040184299e-03
5.568071510007712582e-02 1.072697016128209765e-02
6.414197823061119907e-02 1.421636212312581138e-02
7.119236391397243402e-02 2.147796079071208689e-02
