1.629890940612592747e-03 5.958353695921634772e-04
6.089600379675039372e-03 4.849239762082919970e-04
1.595781161278816279e-02 6.586687606557672719e-04
1.893052161720363419e-02 8.085190514747366388e-04
1.938994844045224819e-02 8.417136010620258988e-04
1.794535995970131595e-02 7.870412751167864913e-04
1.628783595399309683e-02 8.595359248987422592e-04
1.198070625486712636e-02 7.455129641104727041e-04
8.564896188034262434e-03 8.159628840649670034e-04
3.606026765831547073e-03 9.040955986768345028e-04
-6.127416311385950991e-03 8.752614058836252200e-04
-1.936268454985850401e-02 1.430309743303872496e-03
-3.189318179909307605e-02 2.080790803134589546e-03
-4.708568236933115270e-02 2.966322857141679651e-03
-5.963683793559605706e-02 3.702396080996199490e-03
-7.239214703973577414e-02 4.895643431575138343e-03
-9.192980309481832424e-02 6.878710077625284358e-03
-1.006929043937148383e-01 9.875902568002876275e-03
-1.231459705543175992e-01 1.318677313713288203e-02
-1.137298252303493989e-01 1.871550527909835240e-02
