-3.727350022546393614e-04 4.771059093931625194e-04
-3.199580162830432885e-04 3.473208741852676059e-04
2.648364853706026284e-03 3.332001267022037094e-04
7.780433567545927583e-03 4.699994781562185286e-04
1.377078130150285497e-02 5.916761069351192523e-04
2.003153997031893729e-02 8.380573273207456110e-04
2.776435548243970375e-02 1.106105121144038616e-03
3.490823838364413845e-02 1.367658017617226799e-03
4.336761622380448655e-02 1.703105958760898694e-03
4.945167166486870436e-02 1.905498180442742606e-03
6.095561709417864765e-02 2.286855008473208210e-03
7.461538613964918687e-02 2.813420510070705361e-03
8.615217943277161949e-02 3.334227488124350772e-03
9.810125158988748650e-02 3.911209295550151753e-03
1.062968237986243875e-01 4.466829478238270451e-03
1.056733914512221900e-01 5.037966058427741436e-03
1.054253166684331472e-01 5.941085683981373738e-03
1.103409096745318341e-01 8.122886708412237894e-03
1.190578460681253892e-01 1.073327467694205201e-02
1.172970201182042538e-01 1.490214297805129637e-02
