-3.021322987848488236e-03 8.927548365197773492e-03
4.625988302052587084e-03 4.768353716929869986e-03
1.504980315503248256e-03 3.757252517814451027e-03
1.513275883651863610e-03 3.189504607000613525e-03
3.523645107184327115e-03 2.931835086928076973e-03
4.053464012715403061e-03 2.612544320402131540e-03
2.427685564862452558e-03 2.477875537407442375e-03
3.847028147212758209e-03 2.367669559423355493e-03
5.607256365479820585e-04 2.270841355744018884e-03
1.516268047336948683e-03 2.430058659074366828e-03
9.862706042308683196e-03 1.615764454980589231e-03
1.781982146699096284e-02 1.780413388674638702e-03
2.966459134992573826e-02 2.259679088740907966e-03
4.135675133311468576e-02 2.551655722651691854e-03
5.458849087520901283e-02 3.201980648621091836e-03
6.943620724979350511e-02 3.740423603728910279e-03
7.740323144221787632e-02 4.480084652095499623e-03
8.141346935802105944e-02 5.265425890150301352e-03
9.675039775838155387e-02 7.043543420645259276e-03
1.080736177218717814e-01 8.687344152538543918e-03
