-1.092452087837960176e-02 1.022781297033844260e-02
3.684954671109988162e-03 5.481850860483306921e-03
1.201469922452209904e-02 4.260209940198310744e-03
1.626681151060671571e-02 3.766843283344512971e-03
2.534025584971047809e-02 3.419207243199823623e-03
2.744865181945327359e-02 3.082483149308593712e-03
3.172957750272022842e-02 3.139112763208365322e-03
3.272794904258177068e-02 3.142698851471380575e-03
3.819666043111733661e-02 2.953080425985537064e-03
3.163089037140053711e-02 2.857171666239419032e-03
3.126040190445383837e-02 2.190765876140123459e-03
2.544406454414842311e-02 2.151745135105888763e-03
1.045977103451824555e-02 2.123819140409104363e-03
-2.124544772970478768e-03 2.360548977710558854e-03
-1.767520777008238508e-02 2.965877157867484286e-03
-3.196986826554606281e-02 3.531560305355125294e-03
-4.636357714181262718e-02 4.376402075023409083e-03
-6.983414482039715376e-02 5.850036488656564296e-03
-8.850766528282241752e-02 7.305398694534303607e-03
-1.140049582383697718e-01 9.485686135720115819e-03
