2.138957628903841255e-03 1.193379030839753982e-02
-8.543948590387880071e-03 6.523009953942721442e-03
-9.259805502391198597e-04 5.062119283902931019e-03
-2.360264491971727618e-03 4.254758314629996513e-03
5.680455916918542882e-03 3.664453972366860449e-03
7.865887288223766260e-03 3.481077811489487542e-03
1.227355191784284757e-04 3.714308856975319633e-03
1.409261873436113777e-03 3.245169040310097279e-03
4.293260672862449050e-03 3.187559899593345961e-03
9.044106850716760598e-03 3.303466842411675267e-03
4.478919594549387630e-03 2.244254188733715068e-03
1.004349637902965733e-02 2.298732743244955110e-03
1.417253884758872505e-02 2.615936770951848931e-03
2.003451513051119834e-02 2.914134602205628762e-03
2.673625786996397177e-02 3.358784870651506261e-03
3.116026753114102543e-02 4.191611717533375199e-03
5.045120837232808242e-02 5.097478072491287183e-03
6.527066333301898005e-02 7.140537418472995591e-03
5.890645669017315761e-02 8.903497135743430185e-03
7.255432425463728685e-02 1.109963186108827403e-02
