-2.727498171192669491e-03 8.200669840902861940e-03
3.638766487629826150e-03 4.652209257273982532e-03
-1.514566493677607434e-04 3.459378012437720491e-03
1.614066072284853822e-03 2.877569972913334492e-03
8.820666587735914851e-04 2.788902702401783659e-03
3.457335452586881132e-04 2.565526378508579345e-03
4.383483430803341435e-03 2.410074484929781123e-03
-6.177334703625309367e-05 2.413267097125426381e-03
7.650799326071208890e-03 2.228497833470005542e-03
1.341389406857860893e-02 2.243575760573644252e-03
1.659146587080287741e-02 1.668083614048776562e-03
3.047711334509476885e-02 1.926337297034016061e-03
4.837773019179997247e-02 2.520044948530316287e-03
6.095695896272125547e-02 3.028823367162112711e-03
7.563250323064429903e-02 3.542806379862711071e-03
8.642013499530533382e-02 4.133916405273455053e-03
9.519125118611457270e-02 4.811470808333414943e-03
1.067630185090472777e-01 5.892128229285651178e-03
1.153272474966762912e-01 7.225237168538265614e-03
1.283311369012746506e-01 9.080890292505241698e-03
