-3.878635487109863365e-03 7.873688210220589415e-03
-4.514739318228884468e-03 4.508874245363852888e-03
5.824114173579253428e-03 3.444402535874005380e-03
6.525905958937620530e-03 2.976684625543598531e-03
4.350373627999731471e-03 2.609045341223720227e-03
1.416906034390296061e-02 2.508292719018907421e-03
2.102544256536499276e-02 2.252476229015816945e-03
1.987139451169925991e-02 2.320483353621827921e-03
3.885387233108826555e-02 2.260319725588339629e-03
4.774448685428354239e-02 2.409670641662840958e-03
6.885424216708868617e-02 2.105378876081906003e-03
9.914754912424170175e-02 2.697066133345900427e-03
1.358271168251934391e-01 3.299441863767624012e-03
1.644365435667837494e-01 3.845616407793329104e-03
1.903099449020715650e-01 4.307681986500297086e-03
2.163657966896885831e-01 4.997881213821225507e-03
2.393870805015712311e-01 5.614970537064853037e-03
2.597118250055300281e-01 6.570193245950284658e-03
2.780724709558320962e-01 7.564813783504793256e-03
2.921655541338912254e-01 9.223643658052230881e-03
