2.279936410250632886e-02 3.261618146887120678e-02
2.000221019819417231e-02 1.902947503179942476e-02
5.775237415127316976e-03 1.295301155701746552e-02
2.006053313409690911e-02 1.107377292394616172e-02
3.012188292988962970e-02 1.034181111802843708e-02
1.318790094951464292e-02 8.925647770152631000e-03
3.454718985800389608e-02 8.556236314328819967e-03
3.709134449381738807e-02 8.070981727688107329e-03
3.454843947216037353e-02 7.911168921511795363e-03
5.118654578196608906e-02 8.077249256581223169e-03
4.413150749726542366e-02 5.267162518263974851e-03
3.929171319178931254e-02 5.237044441241785891e-03
3.874442712153052665e-02 5.151999335961171197e-03
9.782021654053844190e-03 5.228185940858271277e-03
-7.183443049807926306e-03 5.976659507379922416e-03
-1.612817104035316890e-02 6.687965815237048584e-03
-2.659521145843561293e-02 7.794256194761858825e-03
-6.279202737059748352e-02 1.058165187305411779e-02
-7.699265809807838423e-02 1.224406651570693685e-02
-9.981833203462027460e-02 1.551666955452844082e-02
