2.222824960610339518e-02 2.747467026345951080e-02
1.927296797839765999e-02 1.519624890484846426e-02
1.485223814329762922e-02 1.092066130411494841e-02
8.596791901160926591e-03 9.344033752448400315e-03
-1.057640845262462943e-02 8.080946949242197308e-03
-3.897844204624371835e-03 7.255807955663481912e-03
3.943598510115775557e-03 7.011558689036893714e-03
7.626775226265941447e-03 6.945179136616411869e-03
9.351934604321520891e-03 6.558054408120740121e-03
1.203869115505797581e-02 6.499271867303780918e-03
8.863056300821625655e-03 4.209915821278649960e-03
1.966919730931266166e-02 4.114220435559374188e-03
3.580218313453353840e-02 4.397127447664994290e-03
4.769862777391847830e-02 4.954821146530748351e-03
5.740607626662304341e-02 5.695501324890206267e-03
6.942318136972779052e-02 6.180461579835087871e-03
8.443677502271447477e-02 7.711438669169134313e-03
1.000450433269729628e-01 9.000229934339203444e-03
1.097519960898752922e-01 1.129926270250132363e-02
1.309394168367325195e-01 1.339741453464931946e-02
