-3.355915048311388510e-02 2.798853271909828438e-02
3.125364717706110088e-03 1.601139851461482605e-02
-2.967951741335790638e-04 1.133341569514045508e-02
-1.337916735219651931e-02 9.864204545122774725e-03
1.380373069976272449e-03 9.310329227571124272e-03
1.027120541049391126e-03 7.781968627174438470e-03
-1.054234081126980815e-03 7.925667299592719511e-03
7.246002028250918617e-03 7.722413474239449814e-03
8.808766238017407858e-04 7.124742463298529629e-03
-4.680043067177482377e-03 6.955047179940230910e-03
4.513136983941062365e-03 4.603496326367227838e-03
1.931104762461983418e-03 4.259227654413731516e-03
1.748540284542304465e-02 4.527307948751905543e-03
3.020140679259809141e-02 4.889419451507366100e-03
3.702670189660071248e-02 5.766884021422028113e-03
5.175201253212260988e-02 6.595544581042305475e-03
6.846542203644950808e-02 7.221138872570293139e-03
7.730725662963927602e-02 9.082291393261774856e-03
8.308841269148239950e-02 1.131078007369325060e-02
9.574582516225983719e-02 1.387685261260741647e-02
