-2.784489990157993852e-02 2.563993709055394088e-02
2.028033379502930389e-02 1.471981798132896042e-02
1.257016619166801200e-02 1.049334742219805092e-02
-1.510295523496158572e-03 9.339097879427831969e-03
2.020306283272027548e-02 8.194349980714962442e-03
-5.083743712765867537e-04 7.327983970966685245e-03
9.457026112625279216e-03 6.801744830234664196e-03
8.301796714589469370e-03 6.523990621798693608e-03
1.005059405681592299e-02 6.047136891854728788e-03
4.377458877388382130e-02 6.476762094139619334e-03
4.874669461039322221e-02 4.329173953443024581e-03
8.346815433677996776e-02 4.552676009982702457e-03
1.098100309575586464e-01 4.981848026181134176e-03
1.380600317742876060e-01 5.146170314582127966e-03
1.646627700428779650e-01 6.250140141253942086e-03
1.931000267944449345e-01 6.890586498269539104e-03
2.081023295870927659e-01 7.788308864249604037e-03
2.414375326632301200e-01 8.784358702843624370e-03
2.602884527961473182e-01 1.091605819381787600e-02
2.806517055684669693e-01 1.373265274129830717e-02
