7.056019966901073970e-02 3.714324328061401059e-02
2.205620268094482528e-02 2.256962145190763089e-02
8.230568142645947743e-03 1.614027074217193325e-02
1.499581993482264688e-02 1.382956451896285958e-02
3.813251354710942616e-03 1.229132693638267104e-02
-3.609437957334484318e-03 1.102727517630075482e-02
1.517671926146408300e-02 9.993589483091621165e-03
1.703112450394600799e-04 9.163460172856390668e-03
9.984245869405287120e-05 9.285918562299308454e-03
2.440487398708487098e-03 9.245120442091572452e-03
2.631762832938642702e-03 6.082679441227628776e-03
6.865303821470061796e-03 5.923286861568062382e-03
1.137339600652690318e-02 6.068639815847956705e-03
1.818386076298183704e-02 6.765291008084568271e-03
1.570657301529177624e-02 7.229713631600313307e-03
2.475343875270302058e-02 8.807311846593710025e-03
4.752320070521743461e-02 1.002976099972035032e-02
5.468429469664677633e-02 1.188051874565013502e-02
4.971710091682754462e-02 1.527520448473236765e-02
6.308962629288880630e-02 1.959541728007714936e-02
