-2.563831417230688983e-02 5.121055872911141338e-02
1.868819078733340716e-02 3.226494052899139819e-02
-3.769829984377586537e-03 2.596719419072816490e-02
-2.326385891283916721e-02 2.204687164349081532e-02
-2.599558569922732348e-02 1.837726415215234360e-02
1.143177061041134382e-02 1.659526253937309084e-02
-1.659946319385899663e-02 1.459080829101410542e-02
2.143502043251357958e-02 1.425017050070008506e-02
1.514940490493001286e-02 1.352268772260917414e-02
9.401878578354514251e-03 1.326646259609584599e-02
-6.889473170040977083e-03 8.928058043827274276e-03
3.016561046501515814e-03 8.874860376794765568e-03
1.207553670737651456e-02 8.745900972491569073e-03
1.197373683291861517e-03 9.276361692689418306e-03
1.722423502282900004e-02 9.663681175599798945e-03
3.050833757177384004e-02 1.037485214426384778e-02
2.713477387112235920e-02 1.260744600282506615e-02
3.974677899529647368e-02 1.542717742145977879e-02
5.695313279965526221e-02 1.717432992151265297e-02
6.253137135544831193e-02 2.255932362950970396e-02
