-1.912088375961030692e-02 3.580767757497767267e-02
-1.179553097374858028e-02 2.284399551853067561e-02
9.846848837387936829e-03 1.758312985298426945e-02
4.689339976258359577e-03 1.440921835622358330e-02
3.281918120743354539e-03 1.276343794955859048e-02
9.546396427329203668e-03 1.176866623440372440e-02
-1.669475437543457320e-03 1.063792026894669514e-02
1.232992110511648212e-02 1.004777751030402379e-02
-7.076807437632018360e-03 9.531725338762557509e-03
4.804664813185214635e-03 9.400711346400568783e-03
8.187968092941658171e-03 6.089105230843537032e-03
2.059201678845325179e-02 5.452242980458922757e-03
3.429758784896570073e-02 5.784815677997514477e-03
6.182107939604257474e-02 6.254444853769562489e-03
6.261039248850797101e-02 6.641352214964640378e-03
9.604811860105139099e-02 8.328627565973203972e-03
7.495580126294178192e-02 9.473365806396016886e-03
8.354809728390338863e-02 1.049460042964633390e-02
8.086086323276095444e-02 1.249075916836180772e-02
9.828600076350095527e-02 1.575837149952752717e-02
