4.934962987496854109e-02 3.549874187694111033e-02
2.831130024057808281e-02 2.230836021161942614e-02
-1.804315977211049318e-02 1.683286166911945533e-02
-8.178063487210689500e-03 1.411110187006171628e-02
5.348047307090961038e-03 1.269795216082922167e-02
9.983940187006771789e-04 1.125352687773340313e-02
-1.524805366766809151e-03 1.075700287983877464e-02
7.413128082219931983e-03 9.817060766405819733e-03
2.958130315601152638e-02 9.265980842058334568e-03
2.864183894936475974e-02 8.980607562596285356e-03
4.808353971624576562e-02 6.046050348674482378e-03
7.353497065317958492e-02 5.920115110238546689e-03
1.064203245119830638e-01 6.119653368912359934e-03
1.280599432391298087e-01 6.267824200199553081e-03
1.598620190777155226e-01 7.206193336091628980e-03
1.892162099066557190e-01 8.039309322558890747e-03
2.167196295763512692e-01 9.268709525442989441e-03
2.359238472784556673e-01 1.098976583418382301e-02
2.505350278204473424e-01 1.232353841415294304e-02
2.776172125411714986e-01 1.482590508552037063e-02
