4.276540102855792141e-02 4.580706628386702062e-02
3.284749783021696096e-02 2.707244222121960031e-02
3.210157454613756650e-02 2.148039890625256382e-02
4.643530642096038025e-02 1.842772018947805290e-02
3.744487720543527437e-02 1.503086472394566178e-02
2.185227239721422229e-02 1.385106533158794902e-02
1.492419648738025663e-02 1.240240051490850218e-02
4.405420902230990782e-02 1.266867500696930958e-02
3.244447771344279724e-02 1.203902180458138460e-02
2.796234788759663012e-02 1.090781894388453445e-02
4.449328441708462478e-02 7.969773252473994277e-03
4.234040928238117646e-02 7.146044304941378406e-03
4.139470757163372927e-02 7.398338699495947239e-03
2.631815613226815703e-02 7.024339925653138444e-03
2.028788746842962940e-02 8.601858683438498923e-03
-1.009946754159562771e-03 8.244319447774654114e-03
-2.468276325441166874e-02 1.079248151035586308e-02
-3.466735112532475654e-02 1.258519967735999626e-02
-3.292561845005463617e-02 1.386076385809872392e-02
-7.827639422669094293e-02 1.788473113970104333e-02
