-1.688108670841082307e-02 4.050506873669670188e-02
-1.870629951336992905e-02 2.295529111107120004e-02
9.840259890783343427e-03 1.826960096005821044e-02
-4.298645836978407832e-03 1.591176172140594883e-02
5.626733858484713087e-03 1.306920899456847675e-02
-3.222432705461063598e-03 1.239125407751518956e-02
2.931497299353194499e-03 1.065382542374425021e-02
-1.696023974024537737e-02 1.089226510748300333e-02
-4.683645528543816522e-03 9.561939830420843403e-03
1.101926012836612970e-02 9.038083428154580073e-03
8.165934609922464657e-03 6.154154400817234659e-03
4.746231272424248152e-03 5.935996903340705864e-03
1.667616189503216134e-02 6.174105722729940175e-03
2.638808466034714764e-02 6.408959994160145363e-03
3.222413111071763259e-02 7.143530439893583731e-03
4.566312433129422754e-02 7.983181799206116869e-03
6.979794936513350478e-02 1.014413240818240469e-02
1.016111088383095384e-01 1.152592418482852391e-02
8.703357350974781637e-02 1.352904737026322003e-02
1.050922196922576823e-01 1.568177674075281122e-02
