649
650
652
653
654
656
657
658
659
660
662
663
664
665
666
667
670
674
675
677
678
679
680
681
682
683
684
685
687
688
689
691
692
693
695
697
698
699
701
703
704
705
706
707
708
710
711
712
713
714
716
717
719
720
721
722
723
724
725
726
727
728
729
730
732
733
734
735
737
738
739
740
741
742
743
744
746
747
748
749
750
751
752
753
754
756
757
758
760
761
762
763
764
765
766
767
768
771
773
774
775
777
778
779
780
781
782
783
786
787
788
789
790
792
795
798
799
802
803
808
810
812
814
819
826
827
1620
