640
641
642
644
646
647
648
649
651
652
655
656
658
660
661
662
663
664
665
668
669
670
671
672
673
674
676
680
681
682
683
684
685
689
690
691
692
693
694
695
696
699
700
702
703
704
705
706
707
708
709
710
711
713
714
715
716
718
719
720
722
723
725
726
727
728
729
731
732
733
734
735
736
737
738
739
740
741
742
743
744
745
747
748
749
750
751
752
753
755
756
757
758
759
761
763
764
765
766
767
769
770
771
772
773
774
777
779
784
787
788
790
792
793
794
795
797
800
803
805
806
807
809
811
812
814
817
818
820
823
824
825
827
829
834
839
844
845
862
864
874
877
888
891
900
1104
3612
