-2.961438160592651529e-04 6.000898466584253825e-04
2.417131338266351659e-04 3.887884982588396695e-04
1.883894837460233212e-03 3.503341637572595941e-04
5.159114902706850476e-03 4.215126429881959702e-04
7.636032449088422762e-03 4.507926773041346421e-04
1.138039301034224522e-02 5.791716239249940961e-04
1.478134164169016100e-02 6.879063209776886114e-04
1.926118438775522440e-02 8.795824297529470509e-04
2.172709664049744457e-02 9.961790976082320753e-04
2.568956993039906919e-02 1.172232983267704502e-03
2.892437312752166659e-02 1.230614278756725919e-03
3.763555446866262422e-02 1.612281848992640210e-03
4.403238211181134676e-02 1.893914104659048369e-03
4.984896279695755911e-02 2.185859147679707071e-03
5.746751466513559670e-02 2.590908085492818393e-03
6.204837367551735428e-02 3.085092349738092002e-03
6.636556653683987894e-02 3.596426387905823571e-03
7.395970452411616824e-02 4.480447436377018970e-03
7.236017315309327402e-02 5.155432003441757886e-03
7.621107931699534765e-02 6.431166724153605449e-03
