-4.899779928801528250e-04 5.572122462182778260e-04
-6.249857129230918860e-06 3.694945521735068386e-04
4.217949290901969531e-03 3.620369461742045116e-04
8.887170148841157941e-03 4.307659206899267499e-04
1.472107332654123621e-02 6.234549795070807622e-04
2.098704136002477183e-02 8.473021343121616257e-04
2.663032775338066913e-02 1.041492507084791456e-03
3.185370985551540940e-02 1.207310301748888313e-03
3.832951458314701187e-02 1.411926577208901315e-03
4.331052287544685797e-02 1.664702097702560344e-03
4.952645350578546019e-02 1.775995015885582611e-03
5.926579849891550067e-02 2.231036585630031491e-03
6.512037201184507629e-02 2.542549711574155786e-03
7.220381870399394941e-02 2.882117566848628812e-03
7.850961726630047155e-02 3.106311522957221852e-03
8.282176299913403261e-02 3.419781168614542677e-03
8.449766756807662593e-02 4.125666647629539462e-03
8.513425435008767361e-02 4.700634223324834729e-03
9.104742846182159455e-02 5.517988379540018917e-03
8.993159788677998479e-02 6.309852157484573468e-03
