-6.131491100804507301e-04 8.112280160533229430e-04
-6.253882500049331473e-04 5.297959494118107847e-04
5.483691478670437228e-03 5.357709249074333853e-04
5.711831549235625409e-03 5.220411592455610717e-04
6.572925090418150693e-03 5.607840099101901168e-04
8.188516272992201611e-03 6.741902977812356179e-04
9.030117724979932689e-03 6.762542352731989743e-04
1.096460052303652524e-02 7.960434212040560847e-04
1.306291225200910747e-02 9.265675703879145200e-04
1.571147337063105373e-02 1.081718679484639737e-03
1.676768918743867798e-02 9.943561460913164039e-04
1.754042910082710335e-02 1.222338420483462616e-03
2.191313576862198576e-02 1.500475057009484185e-03
2.734283683516182742e-02 1.963709246273313922e-03
3.146480337769034380e-02 2.442524876494755852e-03
2.733783095531366891e-02 2.780000638037538954e-03
2.823061240052143067e-02 3.802923719715970569e-03
3.515097036669326269e-02 4.816337526282124179e-03
3.773621553839393017e-02 6.305078371885644226e-03
4.141766589546773403e-02 8.255923901663204251e-03
