2.704034322778092574e-04 5.300674212262464343e-04
1.028025018579790950e-02 4.300300657000015654e-04
2.820963293692086565e-02 7.346329384253114537e-04
4.867563137380840482e-02 1.153791882744257830e-03
6.797660120555426566e-02 1.579854758677485746e-03
8.532487040377240151e-02 1.977207354600242755e-03
1.013928038293353540e-01 2.327634518132645162e-03
1.167568579951804852e-01 2.674228954269479257e-03
1.305316551382555146e-01 2.945004070220667586e-03
1.440448331053083009e-01 3.292411500392421805e-03
1.599274808922289681e-01 3.616293362056132929e-03
1.799565525209271266e-01 4.059062116359917795e-03
1.987551902040356755e-01 4.417974531963578949e-03
2.145277287519745113e-01 4.881284486205790529e-03
2.284464255511393649e-01 5.292292206658053173e-03
2.455428418106993249e-01 5.736241520064660170e-03
2.535110867081144526e-01 5.969942585796392080e-03
2.620490839053545296e-01 6.585350772196753820e-03
2.755898307064343911e-01 7.277080880468677140e-03
2.812970030983398817e-01 7.816485351831142098e-03
