3.994471621591021149e-03 6.647634750926753426e-04
1.070372257763121254e-02 6.031226752269224336e-04
2.130649714224824506e-02 8.536843218734709721e-04
2.445149635637626495e-02 9.768203212017795723e-04
2.516530120997945152e-02 9.799287033652539797e-04
2.526748295264810013e-02 1.028884737284014748e-03
2.207663214554258374e-02 9.140883713639569134e-04
1.883445625717054470e-02 9.015610511423226324e-04
1.410739157350877383e-02 7.651963634141037114e-04
9.292091881150684254e-03 8.124683715304759817e-04
1.532323846755587454e-03 6.169494881334527036e-04
-1.085889688994372618e-02 8.971615049695614436e-04
-2.413244144106692704e-02 1.396617787074332746e-03
-3.907145904202603826e-02 1.978342447616220252e-03
-4.922406033650276319e-02 2.638594579924474944e-03
-6.580811183110803209e-02 3.345106288047428825e-03
-7.952969841943019480e-02 4.263300698669338779e-03
-1.038967734500856749e-01 5.497863376305786413e-03
-1.198953100164270452e-01 6.250961705350175160e-03
-1.344575362122572282e-01 7.832332746248060751e-03
