-1.466409049053814077e-03 3.847916239046428322e-03
1.423820671506582447e-03 2.235975449567278225e-03
1.093802398076875555e-03 1.839500726492310743e-03
2.792036571644691129e-03 1.625706192904489240e-03
4.394336973326710451e-03 1.600723814771650398e-03
6.756091635881156417e-03 1.600834693961574601e-03
7.426379906700282009e-03 1.596133304301292945e-03
1.148881361055291428e-02 1.701423531849392086e-03
1.340999278656211137e-02 1.867863651650135751e-03
1.492417100500068386e-02 1.998846480053026280e-03
1.679070924059379230e-02 1.678593902125089183e-03
1.565611896123515756e-02 2.017986261503444158e-03
2.220256040122074032e-02 2.782675115227520313e-03
2.680749068743177102e-02 3.390777823770748864e-03
3.285289187039834580e-02 4.531189358632960705e-03
2.160784069996898524e-02 5.468516810417965897e-03
1.752153937513430473e-02 7.924559645488599494e-03
2.590125822612442813e-02 1.041634706711668142e-02
2.888748928014123196e-02 1.415328716317516139e-02
3.949824384721559861e-02 2.074562523844635312e-02
