-5.767671041561026578e-03 2.626854376682798749e-03
7.536592316121779522e-04 1.512460961937877419e-03
2.444843264594016765e-03 1.228718054311805658e-03
5.199224058455347887e-03 1.123746368204528836e-03
9.235860778207078889e-03 1.077429451178830598e-03
1.520414088117749002e-02 1.138262789886581835e-03
2.230051474103426218e-02 1.290609210843199524e-03
2.899514636929918440e-02 1.549990260338080525e-03
3.665163008441572889e-02 1.655255173408422828e-03
4.185649274265033221e-02 1.900298616856760034e-03
5.203533761009718900e-02 2.082534562049132530e-03
5.947492572819981782e-02 2.518969561918019302e-03
6.666249392880055358e-02 3.004183068474698248e-03
7.154951389614727653e-02 3.458049561782900079e-03
7.964640738022692179e-02 4.211658648949404699e-03
8.094989261735625885e-02 4.825988076854837404e-03
8.011094524140648099e-02 6.024935629556659768e-03
7.051645269441655928e-02 8.337740521010455000e-03
6.166826264745468855e-02 1.052195588520025982e-02
8.350785218442126345e-02 1.369212111808015657e-02
