-1.534331539641624299e-04 2.718770687284977755e-03
4.675102771432989093e-03 1.496579201609046349e-03
1.368595552625324549e-02 1.300977235210054378e-03
2.825213946525282141e-02 1.324512129484255911e-03
4.497081763409493255e-02 1.473064299003574345e-03
6.604696803682266748e-02 1.851466420902637359e-03
8.449948352782865602e-02 2.243313609793193188e-03
1.015146794027297211e-01 2.563287963751913374e-03
1.195775773700085420e-01 2.880822158642511351e-03
1.380270518835881033e-01 3.368202151058021822e-03
1.588245344787650171e-01 3.707429557838255989e-03
1.821866988092750717e-01 4.285740120862635560e-03
2.040385532181996087e-01 4.758151825393009543e-03
2.193202535154487598e-01 5.298681527823709617e-03
2.342897667563219322e-01 5.997342780512665908e-03
2.467996971167306097e-01 6.601268601398027278e-03
2.464274112589950605e-01 7.341871619479530854e-03
2.491668227761378307e-01 9.056218529529596814e-03
2.537103109337946472e-01 1.088346952974739851e-02
2.637449924164476101e-01 1.445330368258629199e-02
