7.326475055453199152e-03 3.168940556260670637e-03
1.640112331646511462e-02 1.915125864724492042e-03
2.668690688113635467e-02 1.795087526491251102e-03
3.239202788737336608e-02 1.803281267777082954e-03
3.624668147017612307e-02 1.768014911242197845e-03
3.637758488119145761e-02 1.782250082300559143e-03
3.356691384593920441e-02 1.712711318222874275e-03
3.104474890958695832e-02 1.753629332710689766e-03
2.217111694254961587e-02 1.536113318786623593e-03
1.787642481845439987e-02 1.626882536918287893e-03
6.812305404629221024e-03 1.179944141286132361e-03
-1.122241777939843310e-02 1.596260200030652368e-03
-2.610035216620447407e-02 2.167073608061542787e-03
-4.614576096505420416e-02 3.062282767336025821e-03
-6.083255397396131192e-02 4.211996106231100274e-03
-7.411813516071602548e-02 5.229117270171315147e-03
-1.059632177624691973e-01 7.131995669885383624e-03
-1.223593120387431316e-01 9.583295127133500263e-03
-1.445630495268756810e-01 1.219439452714215361e-02
-1.616793065840032573e-01 1.605146993814049461e-02
