-1.192089988471136666e-03 2.866495006997058035e-03
-1.158212387842484951e-03 1.574590534609215031e-03
8.086929780043068412e-04 1.268499980531035895e-03
4.065609711243088273e-03 1.209858263959764056e-03
5.878870943414263826e-03 1.126269498097510341e-03
8.969010970690515297e-03 1.113149102892431030e-03
1.160704628615435649e-02 1.167134458443834337e-03
1.612907030524170920e-02 1.271605958271374666e-03
1.955934994731826221e-02 1.476682297824337886e-03
2.547798945890671768e-02 1.761698674808618833e-03
2.747728147232237142e-02 1.503670979080483057e-03
3.743599245129503733e-02 2.127567779606899783e-03
4.802539154499540358e-02 2.661652106166708266e-03
4.971060016910817947e-02 3.030639760994195513e-03
5.413701011055500195e-02 3.556858297597590216e-03
6.114463935919117049e-02 4.538301961824357800e-03
5.392726212165046412e-02 5.687157161223315924e-03
6.328400932752815955e-02 7.400878410881123019e-03
3.860134365900746295e-02 1.096477899981688174e-02
4.317211028552156438e-02 1.533886274982061530e-02
