2.842000176475733674e-04 5.432284256507688468e-04
1.067763347683585613e-02 4.512377729993219443e-04
2.974634033014610102e-02 7.741331935777935342e-04
5.174421957966561514e-02 1.213699810749931541e-03
7.290586222327517796e-02 1.683040468282428689e-03
9.144531783459987351e-02 2.112807881146705480e-03
1.091038894385204377e-01 2.496917423011717641e-03
1.265236877768722568e-01 2.884077229216207728e-03
1.416862309098285422e-01 3.197884738522255733e-03
1.555058391361699988e-01 3.546704901193750616e-03
1.730625609772694917e-01 3.900055089180935134e-03
1.956038093137228429e-01 4.399712359756149417e-03
2.131095459169063400e-01 4.769791834157755678e-03
2.282457834914422556e-01 5.328898730669793214e-03
2.378343812554291892e-01 5.728060873212557046e-03
2.482729037444939002e-01 6.285505383988970220e-03
2.500540363446919767e-01 6.926876861330010134e-03
2.562472429291161591e-01 8.140264752275435875e-03
2.556780909374686828e-01 9.863511336932667684e-03
2.629991392204961143e-01 1.255043684026420012e-02
