3.763607681264962389e-03 6.824583612469792065e-04
1.036085097167219367e-02 6.055923722305369327e-04
2.080580881292922596e-02 8.387578103641817702e-04
2.353733018505281202e-02 9.443631793851101032e-04
2.333749030514583114e-02 9.324471959488697453e-04
2.256083240474432774e-02 9.692032081564024579e-04
1.806787750498413392e-02 8.238750116545026213e-04
1.290719115499008168e-02 8.104706890556024907e-04
7.190076122632368776e-03 7.609539812126529888e-04
7.352186059317864560e-04 9.022506202713732751e-04
-9.348291525930947990e-03 8.924353539333930267e-04
-2.575512605981367456e-02 1.480526118866506936e-03
-4.319955413719258480e-02 2.213292505189179936e-03
-5.896186328203888161e-02 2.836210167982930550e-03
-7.307190059558822670e-02 3.882023924545790258e-03
-9.174432592004928833e-02 4.959902500174509857e-03
-1.172359385030965762e-01 6.896868436731780523e-03
-1.364591422789847297e-01 8.085424460049532233e-03
-1.531108970694767812e-01 1.088808078406370249e-02
-1.550176132133833096e-01 1.376565977800046914e-02
