-5.497131759209320781e-04 8.462896373443884891e-04
-6.841820882489613913e-04 5.391695073366857245e-04
5.959744729390512724e-03 5.658859077124260778e-04
5.993849444151518394e-03 5.584463740936916653e-04
7.012170654578606457e-03 6.096958005222528117e-04
8.624113421067638313e-03 7.562068390485970296e-04
9.845332615486790048e-03 7.467253014510952637e-04
1.133150113941208161e-02 9.124489740155969668e-04
1.350611498054563389e-02 1.052084883264339061e-03
1.684887946233446648e-02 1.304077595895382141e-03
1.791258135414988684e-02 1.205942251822154053e-03
1.993218781038576248e-02 1.599216707734230905e-03
2.216685306920931908e-02 1.905868202726104148e-03
3.049015232287192317e-02 2.598448357640680689e-03
2.630802231095448127e-02 3.333647762736578236e-03
1.962257627687311393e-02 4.617420867287082113e-03
2.227624880335801055e-02 6.681864511952103139e-03
1.230544981033279001e-02 8.367892104326507541e-03
1.423657255013432293e-02 1.176703770830622720e-02
2.969423300695068699e-02 1.780933102839121762e-02
