-2.893016518678943536e-04 5.715826068671723496e-04
2.979261177465943181e-06 3.863447333094811712e-04
4.397633385222553259e-03 3.734510177056710352e-04
9.446093170354687846e-03 4.524735903261415965e-04
1.590938112642940189e-02 6.770452792649966868e-04
2.259182279734010118e-02 9.258858167451378737e-04
2.877630824907872337e-02 1.131694319079493008e-03
3.436569071346479154e-02 1.325506750949636409e-03
4.138722074502620280e-02 1.588923971476929615e-03
4.698307216278949788e-02 1.865739630196107694e-03
5.231035925077397869e-02 1.914032818879509313e-03
6.299974394894874985e-02 2.449793714766523769e-03
6.700048985776604904e-02 2.746912703517487113e-03
7.162164426346891155e-02 3.062023773585202495e-03
7.226647877507888507e-02 3.327445037627384337e-03
7.285633808500331654e-02 3.882649812521170741e-03
7.177406826681552443e-02 5.151574279522994938e-03
6.168108170426019055e-02 6.480787963080049743e-03
7.123311719897161554e-02 9.032864753388179790e-03
7.125507898848854049e-02 1.177966791211649579e-02
