-2.266921454698491020e-04 6.205268919064623563e-04
3.333030766035226960e-04 3.954484522569138975e-04
1.951303706437919382e-03 3.559620181359209653e-04
5.333046816772375569e-03 4.490214371023846379e-04
8.095987814699138682e-03 4.881799925724361242e-04
1.217241909220742081e-02 6.542112877005555735e-04
1.599702864280895184e-02 7.593596123479307491e-04
2.115045302620406978e-02 9.942532520140414266e-04
2.416969789189027037e-02 1.124536295678215617e-03
2.830189221581107598e-02 1.340178702099698721e-03
3.232497309597817670e-02 1.431996172599405955e-03
4.184149643501339916e-02 1.845091123712513416e-03
4.666060733335316429e-02 2.128799633249318229e-03
5.057695046589510274e-02 2.613299776218571107e-03
5.303196601690421397e-02 3.177858948775421494e-03
5.611878795339624720e-02 4.045226739223305688e-03
5.750783290085412919e-02 5.107660575852250411e-03
5.292046536518853206e-02 6.934552818447774908e-03
5.796282312815568410e-02 9.453533481480227291e-03
4.520386823382611940e-02 1.273108757670769232e-02
