-1.035031914874415780e-02 1.370941897270974187e-02
1.243010279788722260e-03 7.382794506512920830e-03
-4.265055425573750086e-03 5.693891855589348037e-03
7.309110807725882446e-03 4.676664264841585809e-03
-4.074731947852902668e-04 4.515923225591015298e-03
3.364923243661833031e-03 4.076491359942288444e-03
-2.550505153238138110e-03 3.605033700421249755e-03
4.982405699485962722e-03 3.677833433802079038e-03
8.692923548895043970e-03 3.744297026437980007e-03
7.330148155803915648e-03 3.419529833409139154e-03
1.100233552384415406e-02 2.606996376131169059e-03
1.407997349941101164e-02 2.765875391775088604e-03
2.402718403063435967e-02 3.186120193696409357e-03
2.268695619577677444e-02 3.692553505449284318e-03
3.925792022855518343e-02 4.183299325294236558e-03
3.356805040639444793e-02 4.943331889849636278e-03
4.250487182054751151e-02 6.503511467834417921e-03
5.069221115409154599e-02 8.919512690025555024e-03
4.578209335325914009e-02 1.151524934283289399e-02
6.073246473931447759e-02 1.436400060257641761e-02
