6.630965180810266014e-03 8.962077962553466337e-03
-9.024654229564403954e-03 5.164756870588173981e-03
3.254030880794339144e-03 3.910048445020470297e-03
4.969107768782174590e-03 3.416107222098857792e-03
1.010815966317876117e-04 2.889943312634828034e-03
5.739247694066052299e-03 2.876997161083356784e-03
6.246036309067466014e-03 2.554726738431698386e-03
9.052069537751259581e-03 2.506035667809887891e-03
1.085085065620075215e-02 2.381043489549548690e-03
1.915047099007362308e-02 2.689821015216284188e-03
3.222076682515040424e-02 2.176691696674975217e-03
4.925452488627794778e-02 2.543586620823267384e-03
6.236302995531460558e-02 3.090616823810216247e-03
7.677156752379424298e-02 3.750559619591978516e-03
8.973853452452057455e-02 4.070689110998925060e-03
9.300762315826829885e-02 4.724184354086599646e-03
9.386053975352215417e-02 5.729318076821883661e-03
1.057296595459549793e-01 6.878941183424909338e-03
1.067470281970328283e-01 8.038388311426296687e-03
9.412823756836923017e-02 9.763162001171638016e-03
