4.079808599183758037e-03 8.741107565900201395e-03
7.326846554428479395e-04 4.961206174582951517e-03
-1.505451301212084236e-03 3.825218334729053524e-03
5.304011083804065219e-03 3.259334221548791481e-03
8.849826382527944957e-03 3.062995704237628930e-03
1.653949749219774459e-02 2.731893242238555598e-03
2.923964603580076274e-02 2.618403991506371414e-03
4.014158810367116081e-02 2.852244547661795127e-03
5.379903147187149043e-02 2.739819797347902656e-03
7.765810009701987204e-02 3.136701045423224195e-03
1.001331400072080213e-01 3.009061268793010793e-03
1.338965633875480177e-01 3.650176469349720749e-03
1.720024104783290375e-01 4.276175519377793492e-03
2.005521667339081049e-01 5.010393064882167485e-03
2.213816249272129999e-01 5.744135130438462154e-03
2.494605986779608042e-01 6.427232748856278807e-03
2.703386150473037208e-01 7.079732074530237923e-03
2.762343886337384480e-01 7.925612360712120177e-03
2.998658343035749407e-01 9.368896791672706378e-03
3.121246290647585742e-01 1.111110030897804676e-02
