1.287651919152472610e-02 1.033121747499131902e-02
1.395421963961194362e-02 5.867560963582637255e-03
2.773146917476864912e-02 4.332564752887194982e-03
2.627031266674523594e-02 3.880415469876418496e-03
3.017799270215306209e-02 3.680061123270132045e-03
4.041325901427725298e-02 3.396517784803813889e-03
4.779286529609196726e-02 3.456799592590622389e-03
5.398594538536687776e-02 3.553079679311759841e-03
5.802102744578426646e-02 3.487902769674099818e-03
4.775655267909253987e-02 3.337908053238080285e-03
4.203342103614063352e-02 2.541825900777243321e-03
3.121807969571813862e-02 2.325460003282751355e-03
9.382865681536090366e-03 2.250830922890595213e-03
-1.274409983865681419e-02 2.717200292508363361e-03
-2.796614051245305613e-02 3.136642915639352783e-03
-4.947718509649420837e-02 4.213458102927322702e-03
-5.733174371145141612e-02 5.348531734714358915e-03
-9.387180523549795708e-02 7.325929815659702228e-03
-1.106546651529967812e-01 9.235258209449408867e-03
-1.275993491629103249e-01 1.220227759065607882e-02
