-8.243655683099411144e-03 9.411326166236239424e-03
1.657348726386350920e-03 5.291161523645633753e-03
1.851538945403210156e-03 3.971500190761898669e-03
3.868572589525939593e-03 3.661631431093309748e-03
1.500888491685013369e-03 3.236353007991574823e-03
-1.055133377398486793e-03 3.050811590447824809e-03
6.101181822981418916e-03 2.826020631370332152e-03
3.812422918712904570e-03 2.743592311334525427e-03
2.754829700047385817e-03 2.621553859853321782e-03
6.227518229340826307e-03 2.649136781775646241e-03
1.531255523320879629e-02 1.848901575888644948e-03
2.653302839709826416e-02 2.253449605269356587e-03
3.636591467639785358e-02 2.547107984067444996e-03
4.828585299696094152e-02 2.974504317278411220e-03
6.613720456263946779e-02 3.857611080894081737e-03
7.104733337582147534e-02 4.665061798910338786e-03
8.324287423338389003e-02 5.446562883781363475e-03
9.029330877541454081e-02 7.081517946113760099e-03
9.538604578590023642e-02 8.119628874574453051e-03
9.408165932158694955e-02 1.041439840473770348e-02
