5.420887816603920523e-02 3.338513385711675691e-02
-9.405380115331619982e-04 1.837621884219170845e-02
1.916952316196763456e-02 1.430465324090881250e-02
1.910561403494384636e-02 1.267646435693580223e-02
4.371920238553342331e-02 1.079881368061555089e-02
4.410641730435310714e-02 9.636596196139671222e-03
6.035621267168540804e-02 8.937329703991966218e-03
6.648472244459532887e-02 8.444158899981476715e-03
6.613463653816369081e-02 7.953313607385293152e-03
6.542805071042601117e-02 7.945183318555938332e-03
5.824752490349488498e-02 5.393248629070069265e-03
4.094151514059322233e-02 5.287253667809381150e-03
3.402476125747202346e-02 5.450103930515022219e-03
1.378224041654210232e-02 6.161037013588183814e-03
-2.699471075035187861e-03 6.674359623538754852e-03
-1.892365212232373362e-02 8.158303200130638186e-03
-2.289628321384730089e-02 1.005356483684588173e-02
-5.014693259172001844e-02 1.225447736609694589e-02
-8.303885010888018003e-02 1.491712948185793496e-02
-1.131156194099252471e-01 1.982364285498516496e-02
