-5.152978357039000694e-03 2.880674928527094183e-02
1.512483965941855552e-02 1.653407325760130123e-02
-9.370072827380860128e-03 1.271154655039364104e-02
-4.835545542691036328e-03 1.066978321863224811e-02
2.000614562750570487e-03 8.849295560711057523e-03
1.081364839974393449e-02 8.003542275513534504e-03
2.241231081871286265e-02 7.409964992988291206e-03
2.529918453409156151e-02 7.626060780073982449e-03
4.674626815798979540e-02 6.803417578149588071e-03
5.846715986561741574e-02 6.814707855311735209e-03
8.873619127885021274e-02 5.096661178565595196e-03
1.148471732051146166e-01 5.459536511500649204e-03
1.538208070119848891e-01 6.016046250854538251e-03
1.819688827243046703e-01 6.880277349767674640e-03
2.086174639108507312e-01 7.777747388440230288e-03
2.294849957715484057e-01 8.453559964900861715e-03
2.506293423201983450e-01 1.010771534011063559e-02
2.713819068151633318e-01 1.182195914910589424e-02
2.964956161603945484e-01 1.380587740471427363e-02
2.574642884978035617e-01 1.781546040884332202e-02
