6.626044488448977650e-03 3.145554052914927012e-02
-7.603933334235843215e-03 1.736102524471276609e-02
1.764048575018234075e-02 1.284596350109586810e-02
-4.354062166530635325e-03 1.182263918225904924e-02
-5.453155771215825037e-03 9.681479475314620775e-03
1.003297899070622681e-02 8.690496869439276462e-03
2.106941223096011132e-02 8.177734609991863315e-03
6.633478798179468644e-03 7.499521894700317617e-03
4.455105377940958046e-03 7.272706319027487029e-03
1.193055943758277414e-02 7.408507171019887427e-03
9.085698881353410084e-03 4.824205229582695549e-03
2.290115343662565625e-02 4.878880608572796693e-03
2.904752714311426703e-02 5.293554985943633821e-03
5.206777184747389542e-02 6.029440271308261941e-03
5.991736126245226363e-02 7.175793715368948729e-03
6.386389746112937360e-02 8.011886412961447337e-03
7.253633620116381464e-02 9.752319028017132629e-03
8.643208750401419616e-02 1.124057065490306588e-02
7.050576593342888776e-02 1.472223493712237000e-02
8.857344292582519651e-02 1.944629155897228262e-02
