6.305259887424095877e-02 4.384377232535970059e-02
-5.146191880392429752e-02 2.547005866668710511e-02
-8.497624177863651387e-03 1.895791042004705759e-02
3.239417474289132352e-03 1.554364837590446746e-02
4.260848367295456442e-03 1.402562852869899263e-02
9.050165602061947812e-03 1.229552768740334659e-02
-5.563969117230430431e-03 1.177250282073920643e-02
1.238558648792268562e-04 1.129624156511052288e-02
1.269856099194396903e-02 1.015539658958116570e-02
2.720976267072218110e-02 1.041934184906338594e-02
5.815487003498838632e-04 6.747085856747067276e-03
8.393784034209145553e-03 7.080710453550279407e-03
2.138589611751572084e-02 7.492343870003772416e-03
1.912089106356840151e-02 7.795659498735913601e-03
2.867624685449727748e-02 9.015664694827519796e-03
3.292010018272755606e-02 1.097212475431166324e-02
2.755094763572910402e-02 1.248500665510551312e-02
3.844284680263089504e-02 1.563437243999698037e-02
6.877234424696980486e-02 2.059796888256086936e-02
3.196730424649189828e-02 2.628897251056944162e-02
