-7.335681005546114061e-03 2.905421442327504530e-02
-1.784776455732071292e-03 1.646752055941113832e-02
9.680651048143024476e-03 1.238232017568360009e-02
-3.100272269373972184e-02 1.104344858835108918e-02
-2.437054769671613465e-03 8.936817483589456351e-03
7.943137568038350152e-03 8.462651589757676576e-03
5.880499349587129830e-04 7.741116682345359178e-03
9.272708840744164557e-03 7.168359252225651838e-03
1.370666654991589337e-02 6.761552137129806309e-03
2.612049979073525000e-02 6.683669748403417953e-03
2.751799472431281507e-02 4.825482513224582486e-03
4.647410138188744211e-02 4.937429788193642421e-03
5.493619160253318534e-02 5.309694284011299073e-03
6.209693964600045135e-02 5.939253861928241694e-03
7.463339295918496041e-02 6.743300931107281369e-03
8.528043148625465142e-02 7.755191683655801062e-03
1.013345906526238738e-01 9.488335593930540685e-03
1.015052685672894472e-01 1.185535047370446862e-02
1.285110298783055938e-01 1.438632663448238466e-02
1.068086993675430169e-01 1.816999202813510128e-02
