3.223093821116491953e-02 4.233428026787974113e-02
3.858105648623150891e-02 2.506786710978589974e-02
-1.844765920071418652e-02 1.861950497619912354e-02
4.945383033227411518e-03 1.656091158462327101e-02
-1.255559763071878270e-02 1.284009281914812346e-02
6.368055684893709524e-03 1.270575138406505877e-02
-1.167908251610130614e-02 1.145849807766726770e-02
-4.587254891993353990e-03 1.060546163431786218e-02
1.385896382426007184e-02 1.027491120655139520e-02
1.850588578504131984e-02 9.799899055483620239e-03
2.353046528198869669e-02 6.570844252679179827e-03
3.393491469680604694e-02 6.424249894493309215e-03
4.971616814429118125e-02 7.137682118947165713e-03
6.561640916208824614e-02 7.416495976525001865e-03
8.197911068836774562e-02 8.993856609912453601e-03
8.683184380823029402e-02 9.709447079968231212e-03
9.101100452698598908e-02 1.165878682817386366e-02
1.059948111303555263e-01 1.410288526382404845e-02
1.037993212524495473e-01 1.736857369655459699e-02
1.139382528107304310e-01 2.109501292407807427e-02
