3.977129329820300319e-02 4.930903381228998739e-02
-2.567280917330988857e-02 2.811623227209271783e-02
3.396366904823475141e-02 2.153928821065128479e-02
1.669860527858814045e-02 1.757853407786992908e-02
4.219532895177052767e-02 1.540092092703261410e-02
5.223368038600460783e-02 1.435893246727941615e-02
4.936871496412771620e-02 1.293524726306885184e-02
5.876619589017136047e-02 1.211167861767160035e-02
7.146919439405227670e-02 1.152628036696468419e-02
7.007823903768281570e-02 1.125161318151438050e-02
6.605423601000418032e-02 7.543010987677828579e-03
4.970992211377531222e-02 7.398293051291867685e-03
4.086185417570279560e-02 7.865132398877263190e-03
4.980665429489739351e-03 7.800866342937437178e-03
1.761028765170908478e-02 9.764286875391943454e-03
-3.202603194569914047e-02 1.016723409317445322e-02
-3.413817890812011202e-02 1.247612042935142794e-02
-8.302108526670722022e-02 1.511036482058526406e-02
-8.075486666287207127e-02 1.823735651411873687e-02
-1.086099363447327326e-01 2.302349379888415579e-02
