-1.053282278244390725e-02 6.213864683967484925e-02
-2.731661607709010009e-02 3.567910540081528636e-02
-3.311720363916213078e-02 2.875866454006087425e-02
-2.787385318198567618e-04 2.287436815827285919e-02
2.246881195868365849e-02 2.058180522804165663e-02
-2.141429167520636501e-03 1.791217387975113998e-02
7.462643730282898097e-03 1.782914032340348481e-02
-1.883473933215907637e-03 1.683573821357139955e-02
-2.652494390123730575e-02 1.464432046542308782e-02
-3.275593106720553482e-02 1.433145562955752926e-02
1.949462502289971838e-02 9.507857388421048564e-03
1.664699597028163752e-02 9.519994468189144077e-03
1.368595272732579977e-02 1.006570916681188629e-02
1.284316820199936197e-02 1.088204582110720645e-02
2.696988564830624796e-02 1.138525024007221859e-02
5.954621010221105432e-02 1.354953821258577870e-02
2.539446385262901160e-02 1.741395092826009475e-02
5.039155876343595630e-02 1.962412353482323804e-02
3.188415306884651718e-02 2.507089886845872626e-02
3.937355580252625137e-02 3.154739958155682034e-02
