-2.711593655170600400e-02 4.018820000096397227e-02
-2.198710037439784160e-02 2.377738304843923789e-02
-2.078481991630730039e-02 1.971615842054101272e-02
1.537886260195446553e-02 1.538463892116880699e-02
2.040588432825751058e-02 1.363540436141299009e-02
3.189102884162733909e-02 1.224856100011221215e-02
2.595597635903773570e-02 1.115912003579724865e-02
4.033309551783332420e-02 1.078061656079632585e-02
2.631328527489569524e-02 1.004650653692190122e-02
4.287301282937278080e-02 9.687390684150521541e-03
8.224281116657645996e-02 6.700208434317841272e-03
1.083278891650314435e-01 6.978604019108867497e-03
1.386187471117268089e-01 7.500608316347078496e-03
1.699716570605799837e-01 8.243428068471310780e-03
1.978458453442946685e-01 8.939745047977532347e-03
2.310651239452911343e-01 1.024957148588831989e-02
2.317805244739311599e-01 1.173560619182666825e-02
2.595070030342435663e-01 1.405141862166623713e-02
2.533007446184581957e-01 1.758572161731027442e-02
2.664945706334124198e-01 2.108941555699544654e-02
