2.408253194594714777e-02 4.489050797867691345e-02
-3.265613776046620564e-02 2.634814589835668408e-02
-5.989953011630069421e-03 2.126501369653454460e-02
8.428247488807863799e-03 1.632170366014696131e-02
1.309999093997099573e-02 1.425206314908716160e-02
1.916120668146817016e-02 1.325195784194871385e-02
-2.614228522635153595e-03 1.199931958152981003e-02
3.400778629142173215e-02 1.166073429228866101e-02
3.267417452508506685e-03 1.075234333219563659e-02
-1.983399161893576249e-02 1.005779531047138430e-02
2.349087121789441082e-02 7.190079313475163623e-03
1.735912076778662119e-02 6.637814807559863292e-03
4.224683787243006805e-02 7.610792457940963700e-03
4.857201589259620839e-02 8.054348838136760752e-03
5.715574700880327041e-02 9.160075440673778879e-03
6.592899518041626938e-02 1.078613068369476194e-02
5.849745547926108596e-02 1.317619885688583667e-02
8.827454321906565149e-02 1.509697395983723364e-02
1.006413178177839735e-01 1.815134064430614855e-02
1.042173547911148940e-01 2.150921126405040337e-02
