5.369530802056346892e-05 5.601266964329377780e-04
7.359789794546177377e-03 4.014312520378624221e-04
2.101157749531115670e-02 5.361682993732518358e-04
3.629329552365742617e-02 8.127908102852466439e-04
5.060022343481178353e-02 1.101316150887443135e-03
6.418994598600481771e-02 1.381301421488043395e-03
7.697591760273080064e-02 1.635069564248668901e-03
8.925584702560361572e-02 1.886508985120104263e-03
1.000890065239679605e-01 2.113940264421120332e-03
1.093026787133978134e-01 2.260346688123374137e-03
1.230999118503975504e-01 2.542685844028062976e-03
1.400808949022978867e-01 2.859657897601021112e-03
1.571690775311458954e-01 3.199688309542416884e-03
1.708444708863154360e-01 3.522512195386059974e-03
1.860662550425106754e-01 3.799147493691693543e-03
1.989409983871275878e-01 4.139648917665476706e-03
2.147433443526889918e-01 4.507133387548208775e-03
2.292366955509318183e-01 4.747392508574216179e-03
2.396727547099004874e-01 5.168070804830279114e-03
2.517379659447921969e-01 5.709471302217587578e-03
