2.425185662407304196e-03 6.619924785590249007e-04
7.720788284492272752e-03 5.847374486408072258e-04
1.663248298974021391e-02 7.473965807078914933e-04
1.942151338931915813e-02 8.097878128194062547e-04
2.153274959203023073e-02 9.041618477520301476e-04
2.191269377050245049e-02 9.500341050122135429e-04
2.130228455803525114e-02 9.098165695909251303e-04
1.967085805398625931e-02 8.505860050870402362e-04
1.614549238493892536e-02 8.437378408165114706e-04
1.372021672858101358e-02 8.236034459614508278e-04
7.782533462427088274e-03 6.112671799572494879e-04
6.383013222375421777e-04 6.741685252428580508e-04
-7.137990087294555572e-03 9.000755278190348619e-04
-1.674262908011216883e-02 1.256354226886219122e-03
-2.345182451877277086e-02 1.624976507284269693e-03
-3.683606573308880611e-02 2.167658510576416907e-03
-4.586088997264066436e-02 2.666756804719594941e-03
-5.956458553037854292e-02 3.565105299701194688e-03
-7.509672367787417757e-02 4.376768372035030018e-03
-8.778091082697866976e-02 5.222509326452759969e-03
