6.541833741055199129e-04 6.053591445187071979e-04
1.883608632748585456e-04 4.030361942854019026e-04
2.134214915576072152e-03 3.833454047448960696e-04
2.826515567241004966e-03 3.830026572036885138e-04
4.811900248194589912e-03 4.603239155676559823e-04
8.090760057225419508e-03 5.463322157077556531e-04
1.043113174463071099e-02 6.114123675740697943e-04
1.358171577217467257e-02 7.424725201760179168e-04
1.732166860177515241e-02 7.923144018516793370e-04
2.150635040274513285e-02 9.595384124451993187e-04
2.536765105203120374e-02 1.015677995964107180e-03
3.379913328892146518e-02 1.347399734982653073e-03
4.068280560334367607e-02 1.631569611051787326e-03
4.867149998713703185e-02 1.978745350514317727e-03
5.730919287914774951e-02 2.294402553938312828e-03
6.368283598883267560e-02 2.642874127310866194e-03
7.424382925200928574e-02 3.148662452952372647e-03
8.305104602594082230e-02 3.730949879527447298e-03
8.533316682527164465e-02 3.967601085611790514e-03
9.558827330714637915e-02 4.558928395959678526e-03
