-2.028856528241449549e-04 8.023884123350656303e-04
2.345893213399986908e-04 5.527928838718493840e-04
4.548049813086330224e-03 5.321285511338137014e-04
4.691131955745365956e-03 5.439389093890797684e-04
4.799536243296636390e-03 5.469286557160759656e-04
5.870335977348999437e-03 5.883834056537958672e-04
7.873086730602916333e-03 6.826026513498983147e-04
6.997615070455972218e-03 7.217599057351728291e-04
9.746366568223769483e-03 8.567655413839436436e-04
1.179154908960501798e-02 9.474724992660346406e-04
1.517950544733173875e-02 9.028371572615210552e-04
1.805930714090947173e-02 1.092892653293454528e-03
2.315411317385338702e-02 1.342070338145076504e-03
2.476673168166975553e-02 1.600683661402597067e-03
3.293773605726372372e-02 2.098234932429282693e-03
3.571142260778419064e-02 2.552010637954204176e-03
4.688596587070809063e-02 3.072113921340675208e-03
4.806622672080693853e-02 3.664975610241639342e-03
5.286667771638368929e-02 4.360511057814840663e-03
6.166696123540939267e-02 5.508114967635107176e-03
