4.727977202367858339e-06 5.633100141414987619e-04
-6.107685562347157622e-04 3.494712811674499067e-04
2.755810358324880215e-03 3.526937147115870113e-04
6.913259999270973850e-03 4.497827518766129695e-04
1.186739412182321804e-02 5.775448906965805493e-04
1.656059586348185980e-02 7.206808921904609604e-04
2.267009308072242754e-02 8.658135333597997930e-04
2.706923019610140910e-02 1.075234332028283989e-03
3.305393277983999928e-02 1.267695322348744375e-03
3.817999799039255293e-02 1.499465152058172433e-03
4.595547143126589573e-02 1.757617044853508441e-03
5.545705435388021548e-02 2.061214138096272713e-03
6.418167285130203792e-02 2.415221451461334844e-03
7.155859180512030848e-02 2.721734989756895758e-03
8.163454409085521557e-02 3.151354104609714428e-03
9.154303705508569367e-02 3.521701462808201830e-03
9.643965399697666807e-02 3.819122079458047662e-03
1.088489995853423320e-01 4.409506447848710910e-03
1.156081782385637996e-01 5.160688829055857900e-03
1.218669908153834081e-01 5.372034871951954574e-03
