-4.520160812524499569e-03 4.095733726294484463e-03
1.015591248690898537e-03 2.403402686359198438e-03
5.169648712639400394e-03 1.910920125046326572e-03
1.421562295712507345e-03 1.825487298796083565e-03
4.874115085945851175e-03 1.630111623836697637e-03
3.134972851423989664e-03 1.543012654847057295e-03
8.803372063408551260e-03 1.546644510275381858e-03
6.490474865114285313e-03 1.640642191281094361e-03
7.961987963403367730e-03 1.661711188856395110e-03
1.432450894554812212e-02 1.837265208751730564e-03
1.479124378286856417e-02 1.553776786445891468e-03
1.831809918830045944e-02 1.877268345230874566e-03
2.388418558259986987e-02 2.228700418146666723e-03
2.600927913865106605e-02 2.608986873508195668e-03
3.683776688514259212e-02 3.672660707950066092e-03
3.820869469044271827e-02 4.537339032858749184e-03
5.154466947392593451e-02 5.776540030118305566e-03
5.248369642905489213e-02 7.081025946661934946e-03
5.753401738718863512e-02 9.332903113217463215e-03
6.208922977765412438e-02 1.170242097100684074e-02
