1.870225941473933418e-03 2.926668795258811819e-03
1.435435766604047049e-03 1.652597655009688639e-03
7.264534045116925395e-03 1.324153452104281318e-03
1.542423664172929212e-02 1.139459141373983702e-03
2.681819964694486316e-02 1.222791855328697608e-03
4.251107343187560117e-02 1.408383974629570656e-03
5.788429182464738948e-02 1.600508432874001019e-03
7.203626244836079662e-02 1.810096675337373451e-03
8.939612684363312800e-02 2.172458757998064430e-03
1.008138304538962748e-01 2.329038377011925006e-03
1.200503212097574629e-01 2.668953234512054257e-03
1.402032248710050888e-01 3.030193730430297445e-03
1.642028405641847155e-01 3.492342173165294012e-03
1.802368950696614514e-01 4.011206968747898539e-03
1.950373456581900866e-01 4.375835394186564260e-03
2.102649599452107720e-01 5.000566328560432892e-03
2.263585965304878711e-01 5.652570941148942624e-03
2.383754224863767479e-01 6.382858458154804827e-03
2.487543505644499997e-01 7.207215683517599614e-03
2.544666062624613145e-01 9.097004448386366779e-03
