2.963851135592051027e-03 2.787385564714068339e-03
-1.547928770011519455e-03 1.606986522908081553e-03
1.406495722031200031e-03 1.351610201144919782e-03
2.200619961375898607e-03 1.165293928378225612e-03
6.732005705259383119e-03 1.162339888496468970e-03
1.112499949990867695e-02 1.155461110394030494e-03
1.692320826171930456e-02 1.206067049232396274e-03
2.025868766148155795e-02 1.311120208467008450e-03
2.604803443386361633e-02 1.479435836110826489e-03
3.693975133589392362e-02 1.718366745434000368e-03
4.409487991868223794e-02 1.895394951455926097e-03
5.645386267296250565e-02 2.297980596845282213e-03
6.671555903711703928e-02 2.781740784888908635e-03
7.387815144549318702e-02 3.269151683155080770e-03
8.541144452883026039e-02 3.885412293771645011e-03
9.638061517608678685e-02 4.556399304219145574e-03
1.047559412460990352e-01 5.041574024385262094e-03
1.051904014244197244e-01 6.103203530212670397e-03
1.088989948461049351e-01 6.952571894888434460e-03
1.258674795603755558e-01 9.356322745398335319e-03
