6.853948312650528629e-04 3.230520872841081276e-03
1.052842033477137396e-02 2.016737470508208566e-03
1.535683867841460513e-02 1.679307947188639696e-03
2.232378544699677170e-02 1.645147829186507232e-03
2.665016531571147082e-02 1.644276679017695657e-03
2.909178948230875875e-02 1.711840602958013659e-03
2.764014370808814611e-02 1.582529043727706405e-03
2.806959067881208136e-02 1.603924060810279400e-03
2.514065759079467388e-02 1.617868293938482015e-03
2.082579094655716626e-02 1.581719139831249104e-03
1.359572523592052565e-02 1.334293551048742078e-03
1.050203981743978322e-05 1.317301246372998714e-03
-9.443349220893267407e-03 1.868528425091103102e-03
-1.966351982585019462e-02 2.462717537467143825e-03
-2.982163496151511370e-02 3.008097625638722628e-03
-4.395810993808203088e-02 3.881558683811117336e-03
-5.631309918622608851e-02 4.838392589406542189e-03
-6.942193943495253428e-02 5.953867043676071280e-03
-8.791934570676609995e-02 7.794548466262945889e-03
-1.081230821320494084e-01 9.642704714097862645e-03
