-1.352148155866838165e-03 3.205967296398638811e-03
-2.783144892006669466e-03 1.891332728622583835e-03
3.445832904281920521e-04 1.483179764242001765e-03
3.286436506340812379e-03 1.345732250770082959e-03
3.037757534551099436e-03 1.162396890818741474e-03
6.281914640401023431e-03 1.153592065007246273e-03
9.408625997057915719e-03 1.219845445966050981e-03
1.288616559444847286e-02 1.258209728696249759e-03
1.509699608391196039e-02 1.417621732656183537e-03
1.972255839546062373e-02 1.476114486611030492e-03
2.424047271259589797e-02 1.347433845891069740e-03
3.510145833613887573e-02 1.828873715024756158e-03
4.318527299793151891e-02 2.067346806415052210e-03
5.255499613015524735e-02 2.809112494407397295e-03
6.166122250820346706e-02 3.261384790607055502e-03
6.592279447320983921e-02 3.662136161965145586e-03
7.671134210469214565e-02 4.631376331639110687e-03
8.953667369336529291e-02 5.403411964581599815e-03
8.866247120164671980e-02 6.917795415375940261e-03
1.011945096935654292e-01 8.559099274066506169e-03
