-4.086304310121524917e-05 8.200343782888505238e-04
1.853841858433571683e-04 5.812063957832289086e-04
4.581337829251816082e-03 5.471341197148650928e-04
5.164458731013077571e-03 5.850133076127571026e-04
4.797320293989922567e-03 5.807165080939408371e-04
6.557500310592849144e-03 6.413490189405079500e-04
7.712022997338655039e-03 7.613961436926937158e-04
7.459264098885763465e-03 7.995557284844580573e-04
1.098961267443866047e-02 1.003438795384205273e-03
1.175632869818110833e-02 1.096075333665526156e-03
1.645715658925127681e-02 1.050019925916021281e-03
2.129796246114587163e-02 1.479828291146037707e-03
2.805046646032733834e-02 1.749507160918713439e-03
2.998772153174702679e-02 2.235906648358846824e-03
3.606132718636106960e-02 2.924175995491466382e-03
4.290391632967285179e-02 3.710429103929934001e-03
5.154702431670970392e-02 4.807945128630104065e-03
5.232304438227781962e-02 6.038260204508710469e-03
5.783676932944249033e-02 7.386923265242944028e-03
5.288751277401075590e-02 9.513891173558289283e-03
