2.474477072191809054e-03 6.843077763316270145e-04
7.641105158330780377e-03 5.977116000551639880e-04
1.681957638693397372e-02 7.550035539356115405e-04
1.929480536552562187e-02 8.132873733137196666e-04
2.097471058286566256e-02 8.910386394006893258e-04
2.074252124500000627e-02 9.338512182839981638e-04
1.967013156406866373e-02 9.061860636185245250e-04
1.659437742710834912e-02 8.354386456739209925e-04
1.198391492352749929e-02 8.602777813661445332e-04
8.810989752826093105e-03 8.482229903859062449e-04
2.873046797580028149e-04 6.812757777328460728e-04
-8.753180962383385819e-03 9.694978078049303061e-04
-1.997965654563419943e-02 1.477453826789615603e-03
-3.441269583305119756e-02 2.083100590354801124e-03
-4.376702162446268612e-02 2.622026070302749257e-03
-6.104447139457191279e-02 3.621804615477569687e-03
-7.275137147729182630e-02 4.413013547838647195e-03
-8.432895168486974347e-02 5.665853252947459194e-03
-9.577407974353832620e-02 6.991480773909782183e-03
-1.117091101852547980e-01 8.700894602529008273e-03
