-8.979092479808193760e-05 5.700742244470791446e-04
7.719198358601589427e-03 4.168990028073551318e-04
2.227466770359234211e-02 5.658141267157821685e-04
3.896495800630400685e-02 8.707098699750535865e-04
5.486494058814055802e-02 1.188205478766329003e-03
6.971227217760163353e-02 1.491593115785786166e-03
8.394230755913063835e-02 1.787083790003564593e-03
9.800232287185764446e-02 2.076757519651107123e-03
1.094777534733142738e-01 2.306053320828155458e-03
1.206957937701769734e-01 2.505540103864589349e-03
1.359952323611963720e-01 2.776751021929030252e-03
1.568340089835672246e-01 3.189594496019319391e-03
1.755807273685479064e-01 3.572436434632524430e-03
1.882903177527263106e-01 3.986804970950342739e-03
2.047942464605234103e-01 4.259467746557606821e-03
2.126648095755976076e-01 4.679085679181327860e-03
2.266827626800749784e-01 5.113192640983145812e-03
2.385893998049900544e-01 5.654785581698358599e-03
2.503618680141937447e-01 6.794089032475447362e-03
2.524433434516716868e-01 7.617263622252336448e-03
