7.282881548927415405e-04 6.112667789769501763e-04
3.536288096022891089e-04 4.121588052114327208e-04
2.283189416827583005e-03 3.969393754186574400e-04
2.789365667374751195e-03 4.067489747893301630e-04
5.179986583927737899e-03 4.891934902238342540e-04
8.550133368067898768e-03 5.739895119186423601e-04
1.111533439621570883e-02 6.604451645578415927e-04
1.468948937732592920e-02 8.381212352713471574e-04
1.935389302505535411e-02 9.058030069429879065e-04
2.422730863922007219e-02 1.138720681487411174e-03
2.923250437675643798e-02 1.179730554200830554e-03
3.851905244629777458e-02 1.571941432667925236e-03
4.809854406587743547e-02 2.080250671367859811e-03
5.522856006468067347e-02 2.344614914910541064e-03
6.432390274364992167e-02 2.821627234210362638e-03
7.265362522550918023e-02 3.406177125575317322e-03
8.348440567467198259e-02 4.229025235729491454e-03
8.620630067426139631e-02 5.390834882785152000e-03
9.341882154626951484e-02 6.321743746383821395e-03
9.297203384116267677e-02 6.658847395526619126e-03
