-9.831147408068502912e-05 5.733666230220099171e-04
-5.781144454685367478e-04 3.597792222039765311e-04
2.886198408811676327e-03 3.795388649268102515e-04
7.405867117123331872e-03 4.785551916470164274e-04
1.282979244739992225e-02 6.258323142594174196e-04
1.798358652885103867e-02 7.800824151317217259e-04
2.477514636197118009e-02 9.711112005378500856e-04
3.034123512947832849e-02 1.229087684844687922e-03
3.740061567424852323e-02 1.461927774414516906e-03
4.216335346367725695e-02 1.685947169073899769e-03
5.168973505310423683e-02 1.989014191463007227e-03
6.271456865788926915e-02 2.388691885465249812e-03
7.244097500764397346e-02 2.799002176057989021e-03
8.112351033813677836e-02 3.178807476967651213e-03
9.198896194803557469e-02 3.684366557336639630e-03
1.013538794047201819e-01 4.234732833778220677e-03
1.022997693019285781e-01 4.717604165013956734e-03
1.177101251625335410e-01 5.437467585019123938e-03
1.290587855930703520e-01 6.972244739075646007e-03
1.160805573814703839e-01 7.545470997326420536e-03
