-8.526144081311751860e-03 1.605995960070907835e-02
1.446798967485087061e-03 8.156857345512249016e-03
-6.177941724752526384e-03 6.508205343985231338e-03
-4.789594061209418059e-03 5.240289988427596253e-03
2.883178917708805779e-03 4.927253634734089435e-03
-2.615130081013616620e-03 4.597385491764878658e-03
8.614075012171299242e-03 4.266607124880936706e-03
5.950501932085446120e-04 4.003465861108936215e-03
-6.289302240760526186e-04 3.933748777724765597e-03
4.877539035760232629e-03 3.971775658416540344e-03
8.821269719501525705e-03 2.730525629833812414e-03
3.622555371222772533e-03 2.642366828658333951e-03
1.248727953351066143e-02 2.782951847592286376e-03
1.610964259565028991e-02 3.205491979175408707e-03
2.932454352166737749e-02 3.640676464282332440e-03
3.034148433695190925e-02 4.554439009701353840e-03
4.295273449809171307e-02 5.055696701201790356e-03
4.807315203471120707e-02 6.353994508194188082e-03
4.540087756212860676e-02 7.424737580653198964e-03
6.137537250381697868e-02 9.377879395262946061e-03
