1.244920554070363776e-02 1.060666690448911105e-02
5.947072778539273276e-03 5.605192637322813608e-03
-2.762878488775561553e-03 4.341494654883774375e-03
2.979779866754613503e-03 3.587518386203338017e-03
4.051225352961563934e-03 3.082672475549375762e-03
7.314865877813050803e-03 2.912762469869307255e-03
1.021613541427250638e-02 2.736464987512125541e-03
1.556761261975128999e-02 2.721568072029749950e-03
2.271213708634066061e-02 2.612538315620608394e-03
3.190443099829563117e-02 2.642120267804711539e-03
5.278537891520840991e-02 2.149898632048023207e-03
7.904179646826563210e-02 2.404710986978014949e-03
1.074085594997409715e-01 2.888118890825246751e-03
1.372480561570363078e-01 3.280129683914746568e-03
1.615350297706900362e-01 3.897361356462283530e-03
1.876315955536618507e-01 4.500813646628337890e-03
2.045475048285113340e-01 5.114123505331582067e-03
2.282447077448786499e-01 5.706338552273990464e-03
2.373079253348678030e-01 6.367085372677074723e-03
2.615188049445996143e-01 7.452074486173693689e-03
