-6.863329361648667221e-03 9.527838703529079023e-03
2.943515079177051481e-03 5.589737451678651083e-03
-1.994220670760253004e-03 4.254197952902825583e-03
4.043848600040561569e-03 3.599224474733712670e-03
-7.479774162181924372e-04 3.241493455845528664e-03
5.802463438000275914e-04 3.067598809045106456e-03
1.886071535902995172e-03 2.911876408822263677e-03
2.163768423472622361e-03 2.742326079494881823e-03
3.855274857248816318e-03 2.548883587361849314e-03
4.204330405501040778e-03 2.511770953371589982e-03
1.615013180939168028e-02 1.821504686421869480e-03
2.740173176104136743e-02 1.947480006716794353e-03
4.473604337672835995e-02 2.508457488483633712e-03
5.752845368057850350e-02 2.831570775994551436e-03
7.114077200457472050e-02 3.559283656695180331e-03
8.390701810886294632e-02 4.120834792572964159e-03
9.145695853331141378e-02 4.650034651791183464e-03
1.089496364156151281e-01 5.504825722411628430e-03
1.128298819450487128e-01 6.604559210059058119e-03
1.253394402288207643e-01 7.159196621075208239e-03
