8.461426178755157568e-03 1.149678603870151958e-02
-3.276053768691474313e-03 6.440876895753325573e-03
2.381755754838454486e-03 5.130784536601192512e-03
1.054647488039572173e-02 4.370536186159975842e-03
1.546521415055843694e-02 3.887226209390368462e-03
1.694856915139686393e-02 3.642564570907234726e-03
2.603661655910823047e-02 3.626487061855075602e-03
3.614548622827681162e-02 3.410114620127073504e-03
3.503130842344995277e-02 3.301851303181145732e-03
3.677253832976622866e-02 3.226122763501179051e-03
3.965301783705947603e-02 2.567566269234981824e-03
3.622425961694070162e-02 2.354037723499942912e-03
2.507968842809282783e-02 2.441025243419164478e-03
1.076891721527626321e-02 2.539441926880675864e-03
3.249095077008927034e-03 2.801281068822270015e-03
-1.315920913684249204e-02 3.272328144439824813e-03
-2.971723243084464436e-02 3.826360514295684169e-03
-4.806283076153192169e-02 5.186019906655698480e-03
-5.846219065387722041e-02 6.318900542724722492e-03
-7.523074242478965112e-02 7.656030600318307518e-03
