5.695665529210213775e-03 1.093983040113173134e-02
-2.563622917548178271e-03 5.903088746461336231e-03
2.405068380300028183e-04 4.446531277643404889e-03
3.911319776030717892e-03 4.016275691923062822e-03
3.965893933967019132e-04 3.311664036895640376e-03
3.573519392135315366e-03 3.236443473497633769e-03
-1.704593941688366731e-03 3.081971457576245313e-03
-2.873534068913612301e-03 2.765161837602544102e-03
-1.409253139282931611e-03 2.710775603446193525e-03
2.307750301144806913e-04 2.666819767126614362e-03
3.814315247621520057e-03 1.904790972161151015e-03
1.444770839140521734e-02 1.970701574958566051e-03
1.737140338904006459e-02 2.027512297577576273e-03
3.599653002396160234e-02 2.553925541451527136e-03
5.069449719844778407e-02 2.987562416263663326e-03
5.731149881115136374e-02 3.614215933033613527e-03
6.779157830937980467e-02 4.266519500594624648e-03
7.847808196940224412e-02 4.860129318983841436e-03
8.417480747999853130e-02 5.793549549241109459e-03
1.021852415245643464e-01 6.889747375792589640e-03
