-1.376905566733159503e-02 3.465150397010928474e-02
1.047323073323786456e-02 1.901184874858512230e-02
-5.930030531916968134e-03 1.496721650989424855e-02
-1.057020012733178062e-02 1.184345451638819935e-02
7.732142553002845347e-04 1.060568861608482231e-02
7.996354227570712930e-03 1.097894266185513341e-02
5.470165704709256151e-03 8.510157424162211395e-03
1.778637602609022157e-03 8.309095846123196530e-03
5.101215680548456220e-03 7.972106220522755943e-03
9.387363886892593351e-03 7.985608751880918579e-03
-2.517683780442939168e-03 5.002674465883630642e-03
1.722558561920857143e-02 4.861879507002271270e-03
2.124080127584752550e-02 5.200781212401772192e-03
2.799560831604407454e-02 5.506662456791303409e-03
3.626282172063989562e-02 5.718147161214984751e-03
3.503906551831204030e-02 6.674687384451218584e-03
5.983448151607087540e-02 7.778256251325129864e-03
7.458643237496044576e-02 9.008706545744723723e-03
7.664239429259299408e-02 1.037593589962242449e-02
9.157020657240677597e-02 1.312176631661088159e-02
