-1.831902428140151293e-02 3.772011018982758535e-02
-1.850552673588675909e-02 2.235386629338039291e-02
1.254354163884649487e-02 1.660391210479783553e-02
-4.841338039624006051e-03 1.344308458522096295e-02
-4.748837636565645358e-03 1.220308366156691929e-02
2.448528036649437467e-02 1.088620372618141242e-02
2.640745724905040753e-02 9.683301419662747322e-03
3.605905953261884234e-02 9.963711486521633839e-03
3.154809706542657105e-02 8.537982717469298766e-03
4.627274985958178266e-02 8.961452669980303834e-03
3.686419986233044344e-02 5.991878866524537849e-03
5.178602845551859291e-02 5.955418903103722530e-03
3.731702300593032345e-02 6.000691760947919964e-03
3.263765167106437437e-02 5.514672165606891892e-03
6.142555820853465992e-03 6.355190416658903704e-03
-1.435306862180327474e-03 6.971981736596222744e-03
-1.028684967321804623e-02 8.829619104001144858e-03
-3.208484531744573015e-02 9.565982455836485529e-03
-8.001424304917932606e-02 1.177843246853415432e-02
-7.722050662698258516e-02 1.445578332964794419e-02
