1.311303197773436811e-02 3.039750773165632303e-02
-5.260024258060667750e-03 1.882393136204539921e-02
1.213979851621034035e-02 1.416064501076620338e-02
2.178685145310947820e-03 1.239863863609436644e-02
-2.163353531896752575e-03 9.728032207894360753e-03
3.935750313886303246e-03 9.732595198029802760e-03
-6.327235669564870192e-03 8.367414406229031418e-03
-1.092785645378471088e-02 7.835197010294820893e-03
8.757326918294710411e-03 7.187648492744310239e-03
-2.081305045231971254e-03 7.374625216043995297e-03
7.635074952119205033e-03 4.977239700546319361e-03
2.143390568136080768e-02 5.020250255594381136e-03
2.801874701822255551e-02 4.903992438920523438e-03
4.593138109853388273e-02 5.213589730431207950e-03
5.295721704543875086e-02 5.664606366844678748e-03
6.907810612990644694e-02 6.525370944820539469e-03
7.662207866844779336e-02 7.667103518254087847e-03
1.091843287644848476e-01 8.484844835918077879e-03
1.042626700712793453e-01 1.047222484789058633e-02
1.062325043068865077e-01 1.266608804232932303e-02
