2.729607270732927957e-02 2.974284782355612541e-02
-2.091239626855821362e-02 1.878979382665443842e-02
1.137417821030544882e-02 1.303102218911807164e-02
-4.390986451781057269e-04 1.101055113456726742e-02
2.114207880887126328e-02 1.002460511287415340e-02
1.312285578567481958e-02 8.702785062153679113e-03
1.186115167383967363e-02 8.220447852120007018e-03
1.694868214874566473e-02 7.845610762771846811e-03
1.350680944785664223e-02 7.277178135615476780e-03
1.332733048811887006e-02 7.022429553250306850e-03
3.690252807996188822e-02 4.633900418216301692e-03
6.224589695930847488e-02 4.800932337586388474e-03
8.502526645091028346e-02 5.092837664110731050e-03
1.174485157929966855e-01 5.346439989367886801e-03
1.466815205037149128e-01 6.074706134863738262e-03
1.685436265215551066e-01 6.737431126914773284e-03
1.832862691177321035e-01 7.702309497472889337e-03
2.089629690694499720e-01 8.745654660268147723e-03
2.129376020990433049e-01 1.012514089718669248e-02
2.425096991664144053e-01 1.220138254816233864e-02
