5.574362548994473386e-03 4.443428499091601341e-02
-5.831137276072645773e-03 2.669294963165233861e-02
-1.970285594970838314e-02 2.003447042208428980e-02
1.014881240001530918e-02 1.791677110767769809e-02
6.939777929366277784e-03 1.573580964173756577e-02
-5.825027367320054564e-03 1.343919646464748242e-02
2.472622648462719560e-03 1.253926530383357371e-02
1.945278340053824230e-03 1.188458178864762287e-02
1.203373832117236863e-02 1.126208077290975426e-02
1.645751929207128067e-02 1.068766540644419324e-02
1.816697750406706105e-03 7.078907677593358760e-03
8.650501347899812801e-03 7.306088590070905844e-03
-4.585312866968595355e-04 6.817523871097222812e-03
1.336945733382919471e-02 7.061833426941580179e-03
2.126127178849854249e-02 7.828020280531988034e-03
2.901797400544415054e-02 8.835395820734386063e-03
2.975321039276567284e-02 1.021514156023214069e-02
3.299945837602721865e-02 1.153310213028605619e-02
5.391231184171153823e-02 1.469260195953778561e-02
6.250536792986478851e-02 1.759661092216817380e-02
