6.754907906531545936e-02 4.268069490619404854e-02
-3.810473246909247547e-02 2.680526098089913017e-02
-1.748356080115535949e-02 2.047891557716606872e-02
1.789028289956199474e-02 1.635669884487499573e-02
-2.024973590123752692e-02 1.548064711444158831e-02
-1.090749476265689662e-03 1.403550140957013359e-02
-1.574340059625381483e-03 1.283998513222651093e-02
-1.232704976447835353e-02 1.133744349816902253e-02
2.363086168881571233e-02 1.078495901074489303e-02
2.159694545728640253e-02 1.057235877466710695e-02
3.409669348345048534e-02 6.846321539408454365e-03
5.846366433196228257e-02 6.812759781296407607e-03
7.903096081648984528e-02 6.758303676734466435e-03
1.201559012672340360e-01 7.392895019486173114e-03
1.384069196334273555e-01 7.242613711105684929e-03
1.525524263694341687e-01 8.053508575426950034e-03
1.949087980183244195e-01 9.688816058954557650e-03
1.957989164213961575e-01 1.071925237919304878e-02
2.309011238391821264e-01 1.239259315719566656e-02
2.436132085549336801e-01 1.581061487432866564e-02
