3.175967053125669515e-02 4.630258927726432772e-02
-4.283543652833581711e-02 2.737262765790822450e-02
-1.149423819028001954e-02 2.066087919693681413e-02
3.668601796793021647e-02 1.837697823137481729e-02
2.108946248097966561e-02 1.532291147433821957e-02
4.339829456138295447e-03 1.372150853702769520e-02
1.304129927675567839e-02 1.290069958493920629e-02
6.887876729291562278e-03 1.268383556941619396e-02
-5.206394701274516578e-04 1.152084984107737062e-02
5.938355758416378506e-03 9.945896752342810523e-03
5.702633087156639899e-03 6.766033478927944468e-03
2.287728849484005691e-02 6.680586303472456008e-03
2.434018559332425460e-02 6.696996576399206341e-03
3.621922259341862210e-02 7.226092776679093367e-03
5.049338641166455782e-02 7.501744172724151248e-03
7.037241629791836373e-02 7.641459213232163449e-03
9.414879264725431463e-02 1.008690449052566419e-02
8.408759371300024432e-02 1.152228243310212362e-02
1.078491012218483064e-01 1.342077351446439686e-02
1.280407401270035606e-01 1.523993556795155517e-02
