-3.254695120388124280e-02 4.755327657767383781e-02
-2.535351386500296275e-02 3.032584746796993316e-02
-3.399030022161254536e-03 2.234434376350633369e-02
-3.891557789744503650e-03 1.912688709203774415e-02
6.611244343112968221e-03 1.650405755122190052e-02
3.234110577611957506e-03 1.612332824207418983e-02
1.382972525642488411e-02 1.330586317410486878e-02
-1.723870767236827459e-02 1.251898642051183647e-02
2.285699155543128105e-05 1.190546574975175249e-02
1.230483342682076216e-02 1.118503640056527602e-02
6.652230673225208515e-03 7.102952238216859483e-03
7.028157535181636141e-03 7.440920275502122157e-03
1.882399182816039615e-02 7.056981952327553119e-03
3.052047743990098788e-02 7.719390509615521243e-03
2.408408066424564536e-02 7.955314062768727504e-03
5.479776378385874808e-02 8.862338785585417017e-03
6.102203978179366467e-02 9.901420445293650230e-03
6.087030526660115737e-02 1.195803527208085665e-02
6.731228700220888428e-02 1.351252268810882416e-02
9.154401266831507789e-02 1.727811130224380515e-02
