2.806591832680619888e-02 5.261639388919896881e-02
3.721475321627112660e-03 3.137306519704930602e-02
1.723776683586065311e-02 2.367486445044568455e-02
1.132883537745855811e-02 2.070771076428106275e-02
5.934819951702125992e-03 1.835862188197628919e-02
2.801943446732999693e-02 1.584346375210594210e-02
5.404747534546770760e-02 1.542742756580603621e-02
3.469734307270326557e-02 1.333906446335946135e-02
3.470003353234882293e-02 1.257725764887009275e-02
3.989281165307482363e-02 1.227100685494055161e-02
5.017386967543398940e-02 8.370499218448427745e-03
4.163956922410703976e-02 7.992580086426493563e-03
3.899477465396206793e-02 8.117070654113310926e-03
2.415325898891050593e-02 7.496138502020811487e-03
1.716708819680322698e-02 8.527973246902265450e-03
1.811870301419541904e-02 9.548698720518743188e-03
3.928615212550176997e-03 1.064396221005393765e-02
-1.872366063918785156e-02 1.332463025632696189e-02
-6.161686733721088993e-02 1.508592108128633917e-02
-4.396291672068246975e-02 1.752344616474850111e-02
