1.215712359062916109e-01 6.537961997148364346e-02
3.442030947872884439e-02 4.276444662217777914e-02
5.884605917566246985e-02 3.047889374905332280e-02
-2.174825334436551391e-02 2.735792346620984083e-02
1.422387802068170864e-02 2.336212342367410474e-02
3.498561440533802525e-02 2.193032976515258206e-02
-7.798121022870641017e-03 1.963193572801957831e-02
-1.650178077669858454e-02 1.759644895047031768e-02
-3.035783328747471144e-02 1.724271755247800200e-02
-5.364390977405064350e-04 1.520298731466472077e-02
2.414186177025357937e-03 1.040031011846523530e-02
1.539553049231016241e-02 1.006548972477514653e-02
8.365548009501280399e-03 1.015395922655550238e-02
3.024657353321894351e-02 1.025655769545886012e-02
2.648519100236768065e-02 1.132256354237419146e-02
2.543227297985172983e-02 1.221464862698621971e-02
3.829436713090360322e-02 1.379548995487745074e-02
2.463855503058294538e-02 1.640481620969276577e-02
4.861226218098810975e-02 1.907666395270800341e-02
9.200283850613821812e-02 2.339187800438616641e-02
