4.006093670119765951e-04 5.580112102450325053e-04
-1.679071850569647238e-04 3.467168549990623321e-04
2.397057823758536824e-03 3.571204888427264397e-04
4.129649178917388710e-03 3.668238242663805814e-04
5.681078834345099950e-03 4.087026336352128121e-04
9.401463370655725391e-03 4.728586904984119119e-04
1.287822680946389652e-02 6.574011202990880228e-04
1.682642524421292321e-02 7.814245423999997700e-04
2.178227999235017934e-02 9.550740121760389152e-04
2.634081167189128089e-02 1.112051794099910796e-03
3.226635710442479765e-02 1.279079085733267947e-03
4.171914545528666862e-02 1.705189272144623427e-03
4.905699302246156746e-02 1.976808880542545166e-03
5.643600689865365533e-02 2.300853141355628864e-03
6.593365090318376032e-02 2.680887562260573457e-03
6.987098524597654126e-02 3.158236353533706679e-03
7.929141416905205464e-02 3.752459435533065865e-03
8.366843081802202708e-02 4.369544741784405981e-03
9.216343351600032874e-02 5.423385247762073195e-03
9.674161393369699879e-02 6.258008577525373678e-03
