3.406983036775899747e-04 4.593128709297504878e-04
7.589377699131234258e-03 3.307912468966769698e-04
2.514229264644390199e-02 5.906620474507075788e-04
4.586004823535263369e-02 1.014163235775301626e-03
6.476908760586222447e-02 1.346341677062702158e-03
8.350947195829100389e-02 1.738902929030597096e-03
1.011318085284723389e-01 2.094214574001010843e-03
1.177197746114620608e-01 2.444185492879546399e-03
1.323081041782097067e-01 2.714920580379544778e-03
1.474235238018437588e-01 2.998607257827758197e-03
1.653593599947079107e-01 3.326733687396933765e-03
1.865305497217964736e-01 3.733865020862045005e-03
2.037534630284883186e-01 4.099173336602871670e-03
2.196498751208985911e-01 4.365806435622811982e-03
2.283938466925090893e-01 4.606376337425485690e-03
2.430906651848136479e-01 4.937319381455662105e-03
2.563454454161581686e-01 5.308822131707696332e-03
2.660470695905375882e-01 5.748366813997979677e-03
2.779194394195831919e-01 6.346301672265695741e-03
2.911379190557081831e-01 7.302512391130464540e-03
