1.164337129380095277e-03 5.389289117875567395e-04
7.696628636637473271e-03 4.909516123053251453e-04
1.622915448476253478e-02 7.158766836473986215e-04
2.137623149411972678e-02 8.912936583828335278e-04
2.199073305324374117e-02 9.066525996670168680e-04
2.141296510673160181e-02 9.258239881163699654e-04
1.946099071094306576e-02 8.538971036873574741e-04
1.557671693355430591e-02 7.499045500682520373e-04
1.230473909822262998e-02 7.344739781334766937e-04
7.431626184181775070e-03 7.758600889204174313e-04
7.764413912339783756e-04 6.436138552454211603e-04
-9.896870569939989620e-03 9.644713790071396398e-04
-2.127021592901930797e-02 1.324433875515432365e-03
-3.063737311794748064e-02 1.789388181769247270e-03
-4.216584798109706406e-02 2.411940286562927038e-03
-5.548358308577347464e-02 3.055702295663676685e-03
-6.880531891918971465e-02 3.986894141453653853e-03
-8.428286952950712896e-02 5.059419602042320406e-03
-1.022862019681418932e-01 6.005003886239494194e-03
-1.169206991454332517e-01 7.586391896666702314e-03
