8.060539104740438302e-05 7.034348236643015459e-04
-5.857393773116290406e-04 4.771324686905357754e-04
3.998795462135637351e-03 4.765479714804051977e-04
5.539465923248857934e-03 5.181350537321851224e-04
5.221540460417507280e-03 4.939894403916271536e-04
7.605518065515627125e-03 6.305747375464757810e-04
9.376162835960061975e-03 6.911464011940491323e-04
1.069467240696812121e-02 8.002533056773083455e-04
1.397920043440399260e-02 9.484662118917631642e-04
1.213709645717698550e-02 1.020101893853973514e-03
1.728623529934089284e-02 9.261136044720751515e-04
2.172532444228662471e-02 1.325783629443681938e-03
2.781256433997138233e-02 1.645128657818470961e-03
3.290815261387049218e-02 2.080515903806593164e-03
3.541080238666554497e-02 2.528865869103290569e-03
3.831001976987620516e-02 3.006014490047836073e-03
5.034546884864122412e-02 3.900685209869010715e-03
5.300700094681963515e-02 4.616889906928795841e-03
6.120977971736436124e-02 5.659483909382794636e-03
5.691545786660298645e-02 7.457346491041402098e-03
