-1.467791102738246433e-04 4.943654639934570195e-04
9.077004932574131316e-05 3.290414031171609317e-04
2.858243914386360360e-03 3.099289064313354310e-04
7.272264036088514627e-03 3.836325005072232478e-04
1.364638744576671808e-02 5.852417359262041072e-04
1.929436835792572649e-02 7.796939735452936742e-04
2.663110198004653081e-02 1.048002400143273685e-03
3.178608945140964231e-02 1.208051072273595879e-03
4.005090797636035038e-02 1.605469224190676650e-03
4.519060937318256782e-02 1.776439832633490683e-03
5.372405187877876687e-02 2.031369199482018460e-03
6.355551638385258106e-02 2.429284929661543364e-03
7.241619543256973268e-02 2.777320462098135153e-03
8.119265237213407760e-02 3.216931327537895374e-03
8.543114563720616284e-02 3.452734419862615867e-03
8.987335670265118870e-02 3.712441193285327332e-03
9.184329780443048485e-02 4.038406525658044463e-03
1.009302990879420991e-01 4.870387493294114217e-03
9.925190259589450337e-02 5.537220675515443745e-03
1.023463364281763932e-01 6.511490940232368511e-03
