1.823633156834365658e-03 2.843547496022172209e-03
1.209527454542924478e-02 1.736277661452893372e-03
2.047680914219579193e-02 1.553352684106276433e-03
2.927139112271613663e-02 1.675466540764353023e-03
3.252024037215523605e-02 1.639042758498743257e-03
2.970992735370024326e-02 1.614095045395327541e-03
2.902694807802028848e-02 1.539136560894834894e-03
2.351669929271859791e-02 1.421331138388063882e-03
1.810079644116059303e-02 1.498697276328327631e-03
8.240220252063615997e-03 1.492113326227636908e-03
1.117030547636333826e-03 1.211018979082152062e-03
-1.733261258339650543e-02 1.735150140762224550e-03
-3.341886182641366776e-02 2.440631409897661783e-03
-5.398568971554736085e-02 3.385921204349708231e-03
-6.744708928320672370e-02 4.466815513209715025e-03
-8.698057543077403198e-02 6.320060524056008398e-03
-8.997613419058912709e-02 8.555527518974273549e-03
-1.116316655736664942e-01 1.128654764830714329e-02
-1.290194414082533325e-01 1.743666958024923247e-02
-1.804387693519932390e-01 2.290733424723448777e-02
