3.267744524678685859e-03 3.309988202557131477e-03
1.326999508127131664e-03 2.037258874883059786e-03
2.797427039023788007e-03 1.608911233900572500e-03
4.963502602289337172e-03 1.523676372784526839e-03
3.177780581640403217e-03 1.384839498781708332e-03
5.189233521352350741e-03 1.471683160148337189e-03
8.668524827307134625e-03 1.373589269442368086e-03
1.127737414941948693e-02 1.520806780589058433e-03
1.248346887732945318e-02 1.728610587405358945e-03
1.295629080934252927e-02 1.699355649177194689e-03
1.649913421772638417e-02 1.614967084977507157e-03
2.232043354181027089e-02 1.978892932726850074e-03
3.406307371207831225e-02 2.930939689085672231e-03
4.114172092439046663e-02 3.568222001051393148e-03
4.849157480109973772e-02 5.132800915917507499e-03
5.824173965708907136e-02 6.604896418713399747e-03
4.233816237647098496e-02 9.577542165159992973e-03
3.753576882799465608e-02 1.308201222592397100e-02
4.489143354387795798e-02 1.887190459399479270e-02
5.655142778988023200e-02 2.762168076200912162e-02
