2.892829969752113654e-03 2.464016277405831675e-03
-8.541419287691739753e-04 1.463797871011593118e-03
1.674055172369053740e-03 1.148116669660200363e-03
2.548870268061899456e-03 1.029246378227195377e-03
1.966199881652483730e-03 9.852333973036069698e-04
6.322977529130646875e-03 1.016723538305559392e-03
8.601341992985600191e-03 1.093838389398207444e-03
1.291290313648725541e-02 1.193765155215725533e-03
1.847646104354650279e-02 1.289057487415204038e-03
2.332263747069500404e-02 1.504934393921810625e-03
3.251097895087198819e-02 1.554770335293040968e-03
4.367161133292823960e-02 2.069689076027182370e-03
5.547961145562788077e-02 2.803373880263354025e-03
6.743905824824905637e-02 3.421106041225334057e-03
7.987505013684192967e-02 4.428546243900003711e-03
8.963494984072871430e-02 5.602366973399776698e-03
8.894778677898221297e-02 7.678670036871824457e-03
1.053320396440077938e-01 1.112388222460401407e-02
8.985280820402517798e-02 1.494934908101695076e-02
9.159283840913440278e-02 2.007927990293386852e-02
