2.568503535906306069e-03 2.250655716918395152e-03
2.027163119538044189e-03 1.321657744229307692e-03
1.440919961289804235e-02 1.145813819464711449e-03
2.608417098895525824e-02 1.168384115825780349e-03
4.278882148975487326e-02 1.275010567827722591e-03
5.898263517282147095e-02 1.531754204823098124e-03
7.991737271211742100e-02 1.957103640814852538e-03
1.016839714656441740e-01 2.304596732022331975e-03
1.216694165594784938e-01 2.668685131871808679e-03
1.391347261769535493e-01 2.973555677462691102e-03
1.648994599620077772e-01 3.450493743074076452e-03
1.960733406475965168e-01 4.060076922476040136e-03
2.213081634453284985e-01 4.611786212282337205e-03
2.474718544092487371e-01 5.363626559968555710e-03
2.672116951511084859e-01 6.008725374360676490e-03
2.764784465306139305e-01 6.816930340050516950e-03
2.899728186583188094e-01 8.616060048254395309e-03
2.919734939438414223e-01 1.039141257168883954e-02
2.738692034392770092e-01 1.399127333755014607e-02
2.719641105324621666e-01 1.800546211397580434e-02
