1.681411815602392758e-03 2.443506928576782977e-03
2.075560558173562657e-03 1.328167229478608314e-03
5.505619843169493217e-04 1.130187933457292094e-03
3.325671596008298800e-03 9.638492530445570087e-04
9.325219181660345663e-03 9.805527637610808415e-04
1.311024607873496547e-02 1.083648866779054554e-03
2.228374146794551841e-02 1.351041384107644220e-03
2.822179557313937368e-02 1.404098760838405624e-03
3.711392734248111780e-02 1.872253576215330596e-03
4.176760792701168790e-02 2.015324975007934828e-03
5.366424014536166215e-02 2.221355490517433907e-03
6.648362450978505256e-02 2.831170839772750945e-03
8.205497515498454131e-02 3.454209141334507651e-03
9.136456128277298250e-02 4.383654205459551131e-03
9.635032634645285254e-02 5.030338552294986304e-03
1.071101364543099871e-01 6.002348330937688943e-03
1.049871934101096471e-01 7.619661056780260844e-03
9.114688757198961822e-02 9.904916367553360732e-03
8.906738228481710096e-02 1.387313226574226829e-02
1.024645897618394891e-01 1.936098358255269880e-02
