-7.523801190476424338e-05 7.207159107119056555e-04
-7.225416731589573340e-04 5.013504622992827472e-04
4.225554140020885800e-03 5.065511738333018611e-04
5.707832940090508400e-03 5.346408052219320641e-04
5.568672268888728329e-03 5.364668297519325103e-04
8.460792379752946069e-03 6.897073574023132722e-04
9.706442732471018756e-03 7.974392450932736316e-04
1.117221773650105623e-02 9.189877985591235737e-04
1.604329728479311074e-02 1.111881729642051316e-03
1.392527500302199669e-02 1.232399115983746386e-03
2.019216015023271235e-02 1.177397534304753818e-03
2.768753756275194738e-02 1.864722768448330440e-03
3.130406617990383333e-02 2.316802994799366331e-03
4.143111820181469285e-02 3.245008465843579170e-03
4.108339335996428338e-02 4.335063278708049805e-03
3.334496091676731472e-02 5.894729488473787922e-03
5.643863073537137148e-02 8.004991629077411186e-03
5.361721665681124654e-02 1.116312091789265805e-02
5.077516659950057770e-02 1.518490397147993949e-02
3.570335076371523170e-02 2.173882431427670223e-02
