-2.298918380152023414e-04 5.045128539349204256e-04
-4.680345060298098634e-05 3.427612091598574774e-04
3.036588491949740714e-03 3.244395234857016608e-04
7.883986428675635733e-03 4.167540917137342918e-04
1.475297905598594965e-02 6.296731599039600549e-04
2.142397684379344219e-02 8.689150595242514652e-04
2.917195926301628314e-02 1.133706309514633708e-03
3.536300104390460719e-02 1.357066463112655734e-03
4.477537282102912741e-02 1.785736344302631985e-03
5.137094073567537167e-02 2.058758033797985620e-03
6.161914692806955141e-02 2.339248485550263126e-03
7.513787489715541279e-02 2.933164837010994192e-03
8.474147078331126237e-02 3.330138460286176643e-03
9.554807754139785225e-02 3.981350932320550443e-03
9.695762322354467555e-02 4.483813724725418254e-03
9.688744161546518352e-02 5.215784790956954665e-03
8.991052826539913667e-02 6.284837134637525670e-03
1.036774703176958079e-01 8.885533278790535075e-03
9.403281990133113832e-02 1.150906283722191205e-02
7.909276128197086086e-02 1.676494904985492349e-02
