1.128059943079146943e-03 5.504320795546057462e-04
7.477409209333573878e-03 4.916926601182683779e-04
1.591518899776813920e-02 7.071414513499525278e-04
2.043315840832016228e-02 8.734856069875028117e-04
2.019982737315022606e-02 8.619950161725021967e-04
1.921414140282534655e-02 8.900391481748396068e-04
1.576042134449050572e-02 7.860295518902491504e-04
1.102682921655072715e-02 7.476329242059166855e-04
6.297380912405233823e-03 8.035624370780419063e-04
-1.653886137363528457e-05 9.144962756731894564e-04
-9.763551922600635299e-03 9.889647824646286261e-04
-2.529176610927909644e-02 1.639873313712441032e-03
-4.488328616320295256e-02 2.381993481200390950e-03
-5.289973929040434758e-02 3.143488337914200365e-03
-7.125219690167157449e-02 4.388056692296111484e-03
-8.161686331060669097e-02 5.756732811129928497e-03
-1.075692734144421681e-01 7.811295348439244689e-03
-1.059305413505213234e-01 9.957218173514269244e-03
-1.193306898796022836e-01 1.341385675258173482e-02
-1.237216157480063861e-01 1.862171656886909762e-02
