2.874244563784267943e-04 5.689662603291207417e-04
-1.103345814245409773e-04 3.576163039710043455e-04
2.448317326279139325e-03 3.794168999124933610e-04
4.424668098040394904e-03 3.953038075545957917e-04
6.430815172067044956e-03 4.610688083050819633e-04
1.061385621965947254e-02 5.406122732368879701e-04
1.496953844563657897e-02 7.511967975358334717e-04
1.944894281577413259e-02 9.087965831236903026e-04
2.493873560904098091e-02 1.153872344818058452e-03
3.102337481564614724e-02 1.370151797110889021e-03
3.908327906462646939e-02 1.593661663927267453e-03
5.270504276000745336e-02 2.200317491206660661e-03
6.352754727663761924e-02 2.564939872308802035e-03
7.059710574203240108e-02 3.247561710703620024e-03
8.139289986859267467e-02 3.927737895650158795e-03
8.313577809406498542e-02 4.968537820783986217e-03
8.623751414952787742e-02 6.434514229890610573e-03
7.519212378299568178e-02 8.800190647216724060e-03
8.404103868615087070e-02 1.240033688612973174e-02
9.394973277455505312e-02 1.766927425975976101e-02
