2.265051047644618361e-04 4.690214552292412058e-04
7.969484514921368334e-03 3.424715303875140271e-04
2.634308732539419190e-02 6.195082454879654102e-04
4.903126039664017916e-02 1.075286655899314629e-03
6.999209094601571701e-02 1.450533501896616659e-03
9.160502798168990157e-02 1.908176872827076816e-03
1.116063909660066772e-01 2.298826401894040524e-03
1.302883204457781219e-01 2.710876489750770404e-03
1.469350254839655590e-01 3.017821575160401903e-03
1.662915522387424516e-01 3.384295993420253015e-03
1.890666926136331805e-01 3.777492506583519840e-03
2.169902552531052520e-01 4.304666004969052474e-03
2.406576712626361803e-01 4.791611042581144647e-03
2.545534261899322082e-01 5.157708351509250090e-03
2.594495953170645741e-01 5.654437118375875079e-03
2.652994381918863942e-01 6.137693720646399814e-03
2.566659368622573600e-01 6.993425651897981939e-03
2.550167309886862133e-01 8.449568422809085669e-03
2.637471894733208200e-01 1.128563873438685056e-02
2.636955560095817774e-01 1.569694399543005228e-02
