1.863881409515147011e-03 1.069973938607361556e-02
-1.620467662187913228e-03 6.352733929734538654e-03
-4.351215933385914857e-03 4.813834459592701044e-03
2.140919187497813091e-03 4.120728824117046024e-03
3.268001579783456033e-03 3.486591147041141238e-03
-3.371085081383633567e-03 3.556174081041427095e-03
6.991983215741825672e-03 3.070985626203140591e-03
3.564381751112879072e-03 3.005829188204975702e-03
8.047487357481167150e-04 3.011764936444447701e-03
3.931190984725358860e-04 3.108933388950464640e-03
9.635442706168530907e-03 2.298912259883002882e-03
1.007299606389112576e-02 2.235689928454237443e-03
1.926461333028144443e-02 2.685860261398502653e-03
2.127563840973238640e-02 2.983951469592868375e-03
3.066559300287925033e-02 3.488493253336522396e-03
3.911265035634672871e-02 4.714580853156411303e-03
5.224331515153275707e-02 5.659638092821523726e-03
6.122970907471139701e-02 7.167029622313558432e-03
6.554565203908539750e-02 9.757673409550153901e-03
7.594130542380986282e-02 1.217080930993505970e-02
