-7.195662253468997115e-04 8.632139587288503030e-03
-1.142216042620294001e-04 4.919907916376557375e-03
1.376225672294589808e-02 4.069614641456931019e-03
1.975760591063558877e-02 3.521675690855128465e-03
2.440638347285041185e-02 3.338290541580965238e-03
3.247097106721936327e-02 3.050808108631620965e-03
3.970596711308593124e-02 3.240826382007401876e-03
3.669089792134053174e-02 2.890081256505697832e-03
4.147515937470563213e-02 3.001730683187504162e-03
4.536459717047946344e-02 2.948253176337429539e-03
3.515817781156186511e-02 2.190853768160629707e-03
2.401393385185634360e-02 2.097743763849427723e-03
1.076367497215790538e-02 2.074176174970930597e-03
-9.298268970766545433e-03 2.309544939917582314e-03
-2.429291790938560569e-02 3.049542537427855828e-03
-4.842699037813684437e-02 3.928692140477622712e-03
-6.206913581333119850e-02 5.071378974361659582e-03
-9.764853273816803680e-02 6.613919233590882969e-03
-1.047497589216906250e-01 8.402139709969261641e-03
-1.109169170149236217e-01 1.128512777437128828e-02
