-9.694258960984464615e-03 7.857904136814622756e-03
-1.253383568249892294e-03 4.929811346065973710e-03
2.875460798579434606e-03 3.725935688304472977e-03
-1.128696652332943952e-03 3.010017220763206141e-03
1.817515483939742462e-03 2.653396202569964848e-03
-6.121058680528439558e-03 2.512477881669241461e-03
-1.963294363869010854e-03 2.410935226669627847e-03
1.765456277133742920e-03 2.264439243720283573e-03
5.401020547357086171e-03 2.230986667476830224e-03
7.686824027959730105e-03 2.235466818063312593e-03
7.842873937585386271e-03 1.576009631938243231e-03
1.902066136745467206e-02 1.833891725147190378e-03
2.885243983178524194e-02 2.191698826482942151e-03
4.498702115759412035e-02 2.724076567066668984e-03
5.704874228468167358e-02 3.165736670160695758e-03
6.394729852255018332e-02 4.080329602765263644e-03
7.529302624185915671e-02 4.779041046505384978e-03
8.438362354810256816e-02 5.867147969482187746e-03
1.015536335852054994e-01 7.902283914653420241e-03
1.116826731943593998e-01 9.527320394225345657e-03
