4.197924338434778045e-03 7.306811100860177710e-03
4.175928098680953791e-03 4.244901074997075967e-03
9.587842288342208683e-03 3.300636492797560592e-03
5.108056684571542390e-03 2.746100228214371896e-03
1.031597071168980848e-02 2.476595829235543351e-03
1.658412218500969482e-02 2.465897779350056159e-03
2.257767406359924983e-02 2.266791388479347420e-03
3.484916872669410748e-02 2.252320540581270215e-03
4.895655279233674523e-02 2.404310834152532852e-03
6.281283273243098986e-02 2.407716011555019377e-03
8.546877914271228116e-02 2.309837567840753933e-03
1.207928251578302137e-01 2.957504409569872931e-03
1.542996358917910482e-01 3.630888073172488986e-03
1.871611041645994122e-01 4.169501120080645884e-03
2.115450212107609362e-01 4.739474319386866377e-03
2.368448911724085615e-01 5.354573768937247701e-03
2.606004866969674483e-01 5.811438554855420657e-03
2.758601496111479090e-01 7.045049682376849746e-03
2.926760510245747793e-01 7.973062602848034891e-03
3.084759308294228730e-01 9.695173080698515217e-03
