5.123428447747097395e-03 7.507816735129715403e-03
3.652284344961992998e-03 4.071607022225931689e-03
3.627710753794234633e-03 3.297576419900195323e-03
1.902518006488919822e-03 2.711475679204484839e-03
1.083679473459719716e-03 2.612502128193223017e-03
9.237250233610489044e-04 2.294909727218524039e-03
6.278587457631320395e-03 2.248838799310302807e-03
4.752231653934118651e-03 2.369782606305822353e-03
1.125541854407752750e-02 2.255772784759904268e-03
1.942919530668243966e-02 2.141422905078769773e-03
2.601512703747392921e-02 1.918026505666483705e-03
3.895035139654177969e-02 2.138986765729855230e-03
5.307110190657617771e-02 2.699864989627518124e-03
6.741247370663734639e-02 3.198772647053356975e-03
7.935400639722479943e-02 3.688307672926188774e-03
8.599309090759402197e-02 4.314034147287424022e-03
9.224023441960957359e-02 4.896669063092687520e-03
1.043119418871429477e-01 5.989025027918269510e-03
1.026126481135783142e-01 7.399187480921546288e-03
1.141091936505102822e-01 9.697916645876998587e-03
