-1.821665838763912235e-02 2.517079339139720665e-02
-7.138052880910321883e-03 1.406675591021309610e-02
1.804133496858209909e-02 1.093486218290078485e-02
6.848925174896185707e-03 9.363355362724902486e-03
2.419865752841957388e-03 7.909004776261122083e-03
-9.480021131721378530e-03 7.363762930719627495e-03
-6.820990991556444456e-03 6.990144305573205846e-03
9.926155393300936831e-04 6.331762880548016774e-03
1.466760403720976380e-02 6.180331702630550809e-03
1.183691315585776692e-02 5.783139903301054256e-03
2.564172383557400403e-02 4.005160230844129199e-03
3.415897495044205312e-02 4.376420542020146437e-03
4.003606421918983610e-02 4.739351891222721644e-03
6.531967352626170953e-02 4.998912542482688431e-03
6.473170247942493238e-02 5.756333525841726695e-03
7.922157654109954206e-02 6.769576062959575292e-03
8.382916077820573575e-02 7.605173307892740611e-03
1.040409454848402193e-01 1.007694302522344799e-02
8.794889376375658596e-02 1.175926296093121083e-02
7.960758301394804670e-02 1.352490937732551100e-02
