2.907083124014988446e-02 3.017897592532103532e-02
8.127481441988900976e-03 1.596692107521459347e-02
4.279364718502420666e-03 1.251803476560268968e-02
3.595092933641894778e-02 1.018064024400117465e-02
3.028044888833325912e-02 9.391612595109469219e-03
2.393065530702138954e-02 8.627105461232614098e-03
4.957199944688243237e-02 8.233791743769081767e-03
5.006237927991696868e-02 7.978512405646634442e-03
4.665760596076889977e-02 7.298068344485602807e-03
4.742543640910634739e-02 7.408949710772245491e-03
3.992291356895340260e-02 5.098354717058887348e-03
3.662802751479909275e-02 4.950959399913663385e-03
3.016031909047083362e-02 5.036866558214738408e-03
1.166367432324499909e-02 5.578878774322323930e-03
-2.128225295296481967e-02 6.111061297078641298e-03
-2.468109214286112393e-02 7.299126294830966463e-03
-4.352559960931307037e-02 8.370899492585294824e-03
-5.456180716428789268e-02 1.063323956772897760e-02
-8.407702954729533162e-02 1.285679066521050982e-02
-1.287960600926268406e-01 1.623168290889643456e-02
