-1.040930147652999183e-02 3.604208324866448043e-02
1.070680346783698528e-02 2.030716892288891504e-02
-9.380366620525354415e-03 1.492696990158746961e-02
-7.500653695414226992e-04 1.251061041596668311e-02
3.013823809517961541e-02 1.141294865492801895e-02
2.005654933172949447e-02 1.014376900187860878e-02
5.416091642041199333e-03 1.005395574308970419e-02
5.463940315417929001e-04 9.042572315737285732e-03
-3.847987171887538253e-03 8.404914536572275635e-03
3.111873724560901971e-03 8.488913980248024085e-03
4.025804473934142813e-03 5.791747020800679623e-03
5.935230202510580026e-03 5.625744767716421915e-03
1.331938441305583268e-02 6.345772591021198519e-03
3.144316132835174582e-02 6.671850646584613978e-03
1.864036018248950780e-02 7.052049156609709046e-03
3.582040850025264289e-02 8.906678166919691081e-03
3.778730233029927582e-02 1.054748732720692944e-02
5.063964572187985846e-02 1.309217460191041196e-02
5.619246951094698794e-02 1.530916030897731296e-02
7.165392004979155571e-02 2.060162177058469032e-02
