5.136065737102985668e-02 2.753672738168487164e-02
-1.127815494465807429e-02 1.550477852223580699e-02
2.854366316142769623e-03 1.139986919879162897e-02
4.605664655248495852e-03 9.396866414407178958e-03
-1.224062525265595062e-03 8.125733381183252932e-03
4.454127801447836481e-03 7.518404484446992303e-03
-2.284804932266541397e-03 6.982529455843922844e-03
-1.065795757758469103e-02 6.898455281537856781e-03
1.254727949569687910e-02 6.593726855439836429e-03
1.049915866096489021e-03 6.123907317164157399e-03
5.033950202637305082e-03 4.166616871492241810e-03
1.560820279532811571e-02 4.439004356054070642e-03
2.303715587770194598e-02 4.611285731170189188e-03
2.673688064986600235e-02 4.805246198689897864e-03
4.352105476436848863e-02 5.798846938043752779e-03
6.208287526464267153e-02 6.449307438119595767e-03
7.387625454683914572e-02 8.138215648766775404e-03
7.417075600507763711e-02 9.528589661160163579e-03
1.014609232928109644e-01 1.319950914228299604e-02
7.956293465254275776e-02 1.516748726587694406e-02
