-4.270027806609172707e-03 2.535729368121554528e-02
6.043855481455927964e-03 1.343842630581313161e-02
-2.761176888085355510e-02 1.044495022025745609e-02
1.541898705935079023e-02 8.507327247628310510e-03
-3.837405725338979747e-03 7.742555500761217138e-03
5.242285248473216135e-03 6.967008490410398283e-03
1.429512914799222455e-02 6.240190798241421373e-03
2.242167478354857579e-02 5.951439728746995249e-03
4.699932922566962823e-02 6.211206269751899135e-03
5.022229605419727128e-02 5.708590356811946674e-03
6.480072196413395880e-02 4.275822819788469183e-03
1.003877100752847695e-01 4.543527115207099398e-03
1.299179037317490237e-01 4.839705292134183733e-03
1.717352791955389923e-01 5.516432877552641598e-03
1.824152592069089307e-01 6.150211384334030792e-03
2.178709558835837945e-01 7.104948200569015208e-03
2.362898413076335857e-01 8.112194584651170881e-03
2.635420529251849553e-01 9.656123575953533961e-03
2.853808684885631441e-01 1.138464995468799201e-02
2.802034570704583505e-01 1.452096814391724833e-02
