-8.849333509171023945e-03 3.780667384315845869e-02
-3.816403974027678114e-02 2.318828925448394168e-02
-1.350290104633016137e-02 1.807633173729802575e-02
-6.915002729773455345e-06 1.450375062140399005e-02
-1.125216830318136706e-02 1.291941409994218359e-02
5.806547226624630097e-03 1.233835746666514348e-02
-1.116116854407666996e-02 1.038626077812507091e-02
1.668261322898288712e-02 1.043607785410014671e-02
-5.470272939710579298e-03 9.585216089747479115e-03
2.903292621409273890e-03 8.855781696888397753e-03
1.485768263099509351e-02 5.924549480602054989e-03
1.796947460442582106e-02 6.083542167921037261e-03
2.583561550071191912e-02 6.305325752673698186e-03
5.081376029605609579e-02 6.776809551067406942e-03
5.060144012585692658e-02 7.642970135609290956e-03
5.362753486202426201e-02 8.378676522658629749e-03
7.491620725500801325e-02 9.427934692985039805e-03
8.313970840987262856e-02 1.180030667678546447e-02
8.641794126614812943e-02 1.463153129733813299e-02
8.284213545710455984e-02 1.774379239521505294e-02
