5.074018154431620721e-03 4.272536242543480828e-02
1.054714760657888238e-02 2.609747646553818579e-02
1.118915872548475847e-02 1.878777176589212228e-02
1.432940632749586489e-02 1.518628030073362369e-02
7.968572571280811007e-03 1.418829517961648148e-02
4.874479132151567778e-02 1.287973012291727948e-02
4.374041166082227178e-02 1.134108308888363663e-02
5.868990062084378928e-02 1.044117588917648116e-02
4.948397375177880642e-02 1.088779083225374297e-02
7.016297180935850142e-02 1.016113043767947685e-02
5.060629719257943304e-02 7.191435319056810847e-03
5.310324518291201223e-02 7.279070412738568481e-03
2.753796245273609430e-02 6.715189258373463997e-03
1.572814915566161237e-02 7.362763527311879524e-03
3.824685439449623369e-03 8.281183996443220591e-03
-2.608230200183705993e-02 9.119352207904021096e-03
-3.917522458804019447e-02 1.078173493625380307e-02
-3.470824131817639574e-02 1.292303494153892139e-02
-7.575935086527668672e-02 1.630533072394274238e-02
-1.064204076401405463e-01 1.967228635070731105e-02
