4.308894338592116763e-02 3.361950452747279605e-02
8.575655904941791377e-03 2.295198123332156670e-02
3.492598863574049479e-03 1.615125939670249491e-02
-1.181087215613024766e-02 1.398453804283350012e-02
-6.432848167596634179e-03 1.199779472090101509e-02
-4.113384035146064321e-03 1.068852543194871198e-02
1.083672928374885755e-02 1.034319504464309945e-02
-3.676308928992164972e-03 1.009806661386032818e-02
1.508673381349716694e-02 8.811540030218336164e-03
1.313696135303889755e-02 8.433840860825353447e-03
8.194555333124615634e-03 5.965973185880536073e-03
3.522811567511424657e-02 5.837368002195128525e-03
3.634816396479975675e-02 5.700847850108764839e-03
5.898619371860783223e-02 6.198741229920130477e-03
6.479054151402763306e-02 7.167394695498341753e-03
8.336500145815430030e-02 8.509369550113795796e-03
8.964710121180657909e-02 9.563179841585240509e-03
8.651592217867577761e-02 1.163675813763659535e-02
1.200041323382429609e-01 1.411557529341065688e-02
8.025455540804296573e-02 1.690886595732609202e-02
