2.258933179910845718e-02 5.377937709582152753e-02
1.740787527424739883e-02 3.222591208883669039e-02
1.553388420478584581e-02 2.327816216663918317e-02
2.163889878348502008e-02 1.931087293752749984e-02
-1.725344521926994168e-02 1.895975343153518539e-02
-1.435280355974955478e-02 1.569737547291446753e-02
1.826429261062325476e-02 1.505234503367600292e-02
1.075001270493469718e-02 1.327979488409253978e-02
1.165368681986583312e-02 1.256488558631966256e-02
1.483000319773114398e-03 1.239018667409689904e-02
3.633994066732319523e-03 8.525726516335119590e-03
1.029970583521265005e-02 8.169194688308172025e-03
2.704559934961554141e-02 7.810785059683508780e-03
2.121916921871156922e-02 9.294566373475442178e-03
2.354856244735102980e-02 9.802759471993268553e-03
3.709227934310783265e-02 1.163687182655650902e-02
5.133334167416435390e-02 1.273122077536034506e-02
5.643914777722845028e-02 1.706810184434758015e-02
6.403775214254993353e-02 1.839828833777050129e-02
3.247386042708063497e-02 2.316473245362486028e-02
