-5.245353066550979826e-02 3.473347385720958885e-02
-2.123571041002411328e-02 2.025203177734739499e-02
3.763673081719851304e-03 1.548328198553497285e-02
1.795973149104206426e-02 1.353523733808753397e-02
5.445255422478320964e-03 1.205901902385110060e-02
1.372024825219056833e-03 1.041818000270365238e-02
2.470232647189218519e-02 9.300227975698901334e-03
2.323655560618386254e-02 9.593859412102724929e-03
3.023034684048368087e-02 8.697890841283025670e-03
2.843638670872282101e-02 8.362824673039327000e-03
6.325164082503079155e-02 5.674298282992605406e-03
8.983015291249953072e-02 6.096210269302928392e-03
1.221676834847316984e-01 6.374513300989361093e-03
1.511560928582292851e-01 6.619831880748759147e-03
1.572000152329024736e-01 7.406874727377438586e-03
2.016799523778311509e-01 8.428106219825122827e-03
2.377870881011455717e-01 9.713068608172514135e-03
2.407067939717022764e-01 1.108805272861697853e-02
2.644958361874542585e-01 1.340598104534471147e-02
2.812125388806810955e-01 1.609401622777912114e-02
