-4.812675800559939720e-04 5.571751530451460321e-04
7.088366783594016521e-04 3.489286297821634080e-04
3.150537699218388613e-03 3.555563887124611267e-04
4.747606707602316720e-03 3.860267147483041421e-04
6.908977080460099694e-03 4.838925066323274344e-04
9.165589072755525590e-03 6.019921532686589192e-04
1.166851443715514851e-02 7.114829255652103468e-04
1.633235574655595573e-02 9.995293186320175580e-04
1.782467987630037207e-02 1.184371201879019396e-03
2.209856044414161905e-02 1.349166470094318891e-03
2.583874991020771242e-02 1.473215109484967691e-03
3.128120847186715431e-02 1.780425591897691210e-03
3.434732995775243575e-02 2.083820731350698435e-03
3.982513580557161398e-02 2.714379467952149089e-03
4.636906859254999458e-02 3.104252446697645940e-03
4.419259380951554017e-02 3.369845686007074716e-03
5.100176319764927746e-02 4.140703398089717359e-03
5.802204791848478843e-02 5.455962169504245673e-03
6.356921385798815216e-02 6.713964001396105670e-03
5.426334745102187607e-02 7.288448649306961818e-03
