1.349791127265491744e-04 4.771329945862429114e-04
7.582388053589828557e-03 3.846408481857747658e-04
2.422246198984644161e-02 7.653513221335789783e-04
4.386556929609677219e-02 1.287538626445169790e-03
6.383015946011885711e-02 1.866083701558287960e-03
8.161205080820874147e-02 2.365549263287059032e-03
9.943171441736854688e-02 2.861125292529055186e-03
1.136789135994720895e-01 3.251836692819339795e-03
1.276376158768008084e-01 3.644432561079366095e-03
1.384022608557842760e-01 3.912824116561033037e-03
1.501583311808866172e-01 4.202098759515142216e-03
1.612362242822266423e-01 4.537970885156878027e-03
1.709455048224894635e-01 4.851652136827092759e-03
1.758825063672758704e-01 5.052534473842175584e-03
1.829866600416792666e-01 5.268565173502885897e-03
1.817571180110532925e-01 5.557102388196601128e-03
1.866162944132398194e-01 6.027748464604993674e-03
1.826376692785943168e-01 6.404826319121732260e-03
1.813691960559088157e-01 6.878301961963471413e-03
1.841086242587513799e-01 8.583123980869661329e-03
