7.507629402241494925e-04 1.459978170206659327e-03
1.779777890488543329e-03 9.557530383596133869e-04
1.278193029253882861e-02 1.007455432855023942e-03
1.256279143174459517e-02 9.728103955999739538e-04
1.358224954569414548e-02 1.149003733719730158e-03
1.534168059229347632e-02 1.230843719423443255e-03
1.568070429074520239e-02 1.378103143413276794e-03
1.633124408543721456e-02 1.487050719336902721e-03
1.272229543622011190e-02 1.807188336522830806e-03
1.967700801592299487e-02 2.101044145972668243e-03
1.911950962289799341e-02 1.831426795903697263e-03
2.250992536748781456e-02 2.352379901305309395e-03
2.816215277415370574e-02 3.123505164664651217e-03
3.089290070747926012e-02 4.209768117157508538e-03
3.273670198312731566e-02 5.478741917319107473e-03
3.939298034571846879e-02 7.031918103551288053e-03
3.469055186361021115e-02 9.142417061247512175e-03
3.768935580591632056e-02 1.120680077880863330e-02
2.703304314882273157e-03 1.502875299299001252e-02
4.116511543134756396e-02 2.005625941142419669e-02
