1.878409756058443437e-03 5.515535019597899054e-04
8.187147159232712607e-03 5.225259354199050842e-04
1.988851457947793042e-02 8.083249420104462318e-04
2.479375411340472082e-02 1.006575165114571109e-03
2.548486708579348822e-02 1.048893255435068240e-03
2.432084634183067501e-02 1.003155985636059681e-03
1.979297313529848612e-02 8.783711295124776433e-04
1.498061256426680247e-02 7.589008038008626363e-04
8.851859063872523706e-03 6.818969982199200039e-04
1.929826217884221236e-03 8.161849506061843356e-04
-1.026248812834541432e-02 8.500500463122386387e-04
-2.405289711343120904e-02 1.436203687237012135e-03
-4.139881160624929446e-02 2.143466102847014880e-03
-5.756354836395900093e-02 2.893409114049132549e-03
-7.691757724679626484e-02 3.848128948710953685e-03
-9.602497348912379660e-02 4.925609015250683592e-03
-1.222083892173670694e-01 6.260317455731738423e-03
-1.398451694252531574e-01 7.249767869607279258e-03
-1.490475832177507454e-01 8.769288442135250369e-03
-1.823918873917774186e-01 1.120996287708567879e-02
