-4.261053720880022015e-04 4.611651649706802170e-04
1.346558295724852983e-05 3.516958034426524824e-04
3.543661521112277061e-03 3.309799482224490903e-04
7.173790338843844677e-03 4.037902067793190447e-04
1.123653312391794008e-02 5.163109524152756282e-04
1.676763877417729656e-02 7.544344803444464091e-04
2.179292231427159068e-02 8.782186821252935868e-04
2.733737242409966031e-02 1.166397054927744001e-03
3.247381029184164686e-02 1.354692414349785174e-03
3.703089961587511386e-02 1.515058962864024956e-03
4.217892107768729526e-02 1.696575010177123113e-03
4.756784569735079959e-02 1.984278068864008156e-03
5.377228080326311443e-02 2.331950327965932792e-03
5.335474354520907542e-02 2.608360954426319767e-03
6.091463752897842421e-02 3.109197006849213213e-03
5.663095193141131495e-02 3.336133000724223006e-03
5.860860219204697824e-02 3.829953628837415823e-03
6.200873680588821213e-02 4.670626018481140000e-03
5.594208629417009998e-02 5.356325347831608456e-03
4.860996584067673459e-02 7.030324098563272249e-03
