1.196245399995139388e-02 2.460749941743106597e-03
1.720403692261674236e-02 1.654062504531317096e-03
2.817986217466981677e-02 1.699794131312984055e-03
3.325777150538746646e-02 1.708166919216673159e-03
3.521442171926446318e-02 1.817775903028475120e-03
3.312099651437244718e-02 1.761925110466076297e-03
2.757377692766268401e-02 1.522782374743410216e-03
1.837051980791291200e-02 1.360557972300200941e-03
1.190303261081336085e-02 1.362891545198749617e-03
3.316747638528572562e-03 1.624304769834627061e-03
-1.579276780773224836e-02 1.586708757262173366e-03
-3.853039277945567026e-02 2.476967183983510342e-03
-6.403444942939635898e-02 3.552226096301371733e-03
-8.620355989129725727e-02 4.902178632281472929e-03
-1.058968582356507315e-01 6.481840271470580388e-03
-1.058480741387903268e-01 8.377516452704548977e-03
-1.359875297043804943e-01 1.070262296955840249e-02
-1.596078874931120273e-01 1.423888452857393488e-02
-1.377850679861884198e-01 1.893827715707926962e-02
-1.607915753556247995e-01 2.418199014676402150e-02
