1.520415294598223424e-03 2.071193230248334106e-03
1.241641062747339151e-03 1.305920264471437716e-03
3.901560788450700226e-03 1.099730972126140589e-03
4.806850870769945397e-03 9.456830432485979591e-04
9.348413087141045977e-03 9.205030519470079262e-04
1.515755247388582763e-02 1.127618873611418385e-03
2.148817891298447982e-02 1.235883514992576915e-03
2.608167207422351294e-02 1.471971041522978285e-03
3.234368354761767844e-02 1.740846218339075222e-03
3.755900673504549564e-02 1.955062574776006770e-03
4.144415306388410380e-02 1.881278761175698760e-03
4.863585314785017627e-02 2.394603196684146756e-03
5.299538262713275605e-02 3.063874734073305031e-03
5.388332803041503277e-02 3.659501658353568176e-03
6.053893579247401902e-02 4.773236551204120687e-03
5.839183719522468563e-02 6.227522389400962956e-03
6.356415802440502916e-02 8.335957093040769275e-03
6.109626170528840300e-02 1.134308688734131376e-02
5.500568119323317323e-02 1.440936368812472529e-02
6.013965900096678030e-02 1.980442962788308767e-02
