2.067281449427893145e-03 6.508717457568777807e-03
2.931262123280418009e-03 3.928787725547147093e-03
7.715443694823879636e-03 3.052031407853277815e-03
1.194383062634591340e-02 2.740161416718196047e-03
1.450230920255217784e-02 2.790492481689410033e-03
1.197281659506851254e-02 2.696433266384450338e-03
1.862099530664423214e-02 2.923450574539564108e-03
1.933811071150225158e-02 3.185180768454085216e-03
2.017144999162580679e-02 3.624746024530850312e-03
1.859975965854282834e-02 4.051248306252991198e-03
2.225558911452124936e-02 3.393586963232770107e-03
2.077297574368882141e-02 4.586058769350638380e-03
3.126921167370267512e-02 6.592322851962944923e-03
2.542640623005210446e-02 8.764893336607494645e-03
2.519623670020494990e-02 1.254770027356201523e-02
5.035239889176146288e-02 1.730527049078356069e-02
-2.095134924276257846e-02 2.455185440966188570e-02
2.964956281138247940e-02 3.448976173272673418e-02
5.720274891752591406e-02 4.574312018517042583e-02
3.933700269242834668e-03 6.255558042771061644e-02
