4.875393046666815812e-03 1.993241256028529303e-03
5.132108197723675783e-03 1.143757016393895159e-03
1.627798690260654282e-02 1.116394017942812103e-03
3.429176022650841371e-02 1.401448822402617377e-03
5.325514649188654859e-02 1.868086750918641209e-03
7.142875967371668799e-02 2.327356889661747526e-03
9.067195945643057031e-02 2.788354401626406444e-03
1.071203738799660771e-01 3.245928000793722214e-03
1.239413099489947850e-01 3.661920551186809234e-03
1.375979898708527271e-01 4.007556672764442038e-03
1.531705707681573492e-01 4.477777562078452851e-03
1.704207926647077209e-01 5.007506009534472280e-03
1.839271464133657163e-01 5.470705783787055410e-03
1.814145396513194286e-01 5.760957491402206830e-03
1.813756007434293993e-01 6.277017426003296194e-03
1.700401918805287405e-01 7.267798505033958890e-03
1.728205516573842748e-01 9.299524834329076298e-03
1.600367833293444564e-01 1.131576380023661434e-02
1.735515232324298662e-01 1.516819121364998760e-02
1.445558291759271585e-01 1.885321246377041210e-02
