-2.924252294897000930e-03 2.296293489893539395e-03
4.180468341004649549e-03 1.409255007251281706e-03
4.040797808029924706e-04 1.157283408489553217e-03
2.157775469271843403e-03 1.034062711369543005e-03
6.051655107011525911e-03 1.090888736932982880e-03
7.033636676165574281e-03 1.135349953980277710e-03
9.869394683491206424e-03 1.158857564943417033e-03
1.618114291723143916e-02 1.505962477117613876e-03
1.683822212395041582e-02 1.681205189560675819e-03
2.047788125947050397e-02 1.860178834771737937e-03
2.749169128576332832e-02 1.882991581081387960e-03
3.274817497282306311e-02 2.380211443624614173e-03
3.918180640672860177e-02 3.002293883179261123e-03
4.344641451677256488e-02 4.067584200545318156e-03
3.693345887788316434e-02 5.549755890969974848e-03
3.818279631312899991e-02 6.767463788403194763e-03
4.594516028850650913e-02 8.801630114513238692e-03
5.649499975534897495e-02 1.330200577375238377e-02
5.622151003814321313e-02 1.720121053275104964e-02
1.052690643983133709e-02 2.353722060742282490e-02
