1.215876686675625281e-03 5.747974100299027642e-04
7.442812155889756004e-03 5.127659237957224144e-04
1.891737913756379522e-02 7.694382318082333087e-04
2.337727640504652996e-02 9.543579272238187456e-04
2.314892355652658704e-02 9.612646251168843400e-04
2.084551475277385268e-02 8.843593972282009965e-04
1.514308977986101624e-02 7.921978947583902279e-04
9.266861472683005085e-03 7.627463933019437660e-04
2.770613041381587722e-04 8.168075622076313757e-04
-9.566982728323420587e-03 1.159360739778481650e-03
-2.429686475659591574e-02 1.438110941592957506e-03
-4.397556386283538177e-02 2.335276424396988317e-03
-6.667783711032773675e-02 3.339123282679658158e-03
-8.325801060335577541e-02 4.321582897772827461e-03
-1.145363816081361591e-01 5.803733284318668591e-03
-1.263690782206970953e-01 7.469938575551877610e-03
-1.542984312519150580e-01 9.698175559193620079e-03
-1.655462106201414652e-01 1.152935640125089291e-02
-1.620711447377763958e-01 1.536998865865400049e-02
-2.061353311299257141e-01 2.177532992250365979e-02
