5.792056935777624514e-04 1.508803763019873597e-03
1.736991255375657265e-03 1.004512193962221658e-03
1.357372118818141529e-02 1.073679837451705765e-03
1.285153940858819836e-02 1.032642669375251690e-03
1.331199085255910242e-02 1.205194896256816086e-03
1.693004432875695742e-02 1.410234852507153639e-03
1.484551831269422320e-02 1.583365469902502749e-03
1.593900055626779749e-02 1.822689952025722312e-03
1.150118187532310314e-02 2.310539144342567755e-03
2.060734709753898192e-02 2.647412410486059235e-03
2.101749559560986066e-02 2.502472283392396298e-03
2.886818224604332725e-02 3.621882115991938156e-03
1.966948046691191151e-02 4.763272913593007488e-03
3.436416539963299543e-02 6.763966552676883154e-03
3.831055759246956155e-02 9.394988314652456818e-03
3.672396797222485243e-02 1.349214379699928412e-02
4.123631144357576411e-02 1.862680854365904651e-02
2.834102355132630743e-02 2.654160839075204656e-02
-1.398604017763247984e-02 3.833046794927760098e-02
3.878570025899588658e-02 5.198531250013600086e-02
