-5.608564500855671084e-04 4.628327173897500246e-04
-1.304884649918977167e-04 3.708785712653410709e-04
3.624920264784018287e-03 3.432360816098094236e-04
7.642207085206721706e-03 4.313633667576286987e-04
1.196162885856401521e-02 5.758822520047000935e-04
1.786999861113520646e-02 8.017781534882740179e-04
2.283694794325077937e-02 9.530099129890775645e-04
2.949747218356638806e-02 1.284375564873105249e-03
3.520998826264028214e-02 1.508469451815082005e-03
4.008427781736129819e-02 1.704999121999847518e-03
4.659969457624037886e-02 1.952132941969647985e-03
5.101621772514262215e-02 2.250101532804001884e-03
5.685315455202586549e-02 2.766193310904170154e-03
5.364212449646755393e-02 3.245512709614906208e-03
6.014603903013896607e-02 3.911819624492503256e-03
5.658911660095673063e-02 5.236494350663173369e-03
4.525990826271693995e-02 6.337362165871358345e-03
6.474714894421121358e-02 9.516327877649713093e-03
6.335335233854835768e-02 1.222907874788521296e-02
6.133048335616048119e-02 1.652696121252602082e-02
