-1.699575945247172842e-04 4.912302609494079673e-04
7.763766490258932479e-03 3.976572915295698441e-04
2.535133571107724484e-02 8.005054682701153584e-04
4.608621410618161246e-02 1.340580770565602715e-03
6.757453371010176124e-02 1.956209935142181559e-03
8.711422157426862434e-02 2.508379569590879054e-03
1.068962282079288784e-01 3.065821235262548849e-03
1.229321733365002500e-01 3.502930351628389186e-03
1.390077299364584629e-01 3.965194585710220786e-03
1.516168406053378104e-01 4.271543979334373187e-03
1.641112554627980613e-01 4.524662207594284252e-03
1.737243220764970175e-01 4.822648366266519410e-03
1.777642279775188683e-01 5.060677237797270127e-03
1.765488679814016248e-01 5.265941856964254444e-03
1.777377523009482096e-01 5.716093258696294636e-03
1.776700204059011023e-01 6.513493374292253849e-03
1.694497678155682530e-01 7.650925132943975533e-03
1.711049359792129465e-01 9.850418308007024074e-03
1.680085166220328663e-01 1.259343480641502214e-02
1.483447913796434869e-01 1.692242441494033744e-02
