-3.529135517435066775e-04 5.699048019359675933e-04
4.451507764987594484e-04 3.647095666043905838e-04
3.504923886678200980e-03 3.775664156314506668e-04
5.145712283442757315e-03 4.238291746720985868e-04
7.253164446402510755e-03 5.187954802571450967e-04
9.992938503539284742e-03 6.770355076074130105e-04
1.288253263043861140e-02 8.247682627881141064e-04
1.727705468518965157e-02 1.093013596280162283e-03
1.993980718841626559e-02 1.372330344699058307e-03
2.562261603118382372e-02 1.624465587992801434e-03
2.806725295086448177e-02 1.661895535356780647e-03
3.493687944446113164e-02 2.110890870518812665e-03
3.556300102656548279e-02 2.460391198839343135e-03
4.058371245858512222e-02 3.389391156939207568e-03
3.967322956701491155e-02 4.037975274109577122e-03
3.779265165894559603e-02 5.330727792345855108e-03
3.838773951994989969e-02 7.973632547442544016e-03
5.406539926911682614e-02 1.108811232848800829e-02
4.373976443659729346e-02 1.483833010853532509e-02
2.753931899755231172e-02 2.041188201255025869e-02
