3.555008537423550233e-03 5.703223569216091249e-03
4.480803126318683161e-03 3.510506939001425703e-03
6.802694195626833064e-03 2.668525186636820298e-03
1.094078477065941156e-02 2.361765705096675536e-03
2.086142435022339536e-02 2.285156544005917997e-03
3.225984049761929789e-02 2.382096608182016680e-03
4.644211353820476562e-02 2.577970279699475561e-03
5.951271318493432660e-02 2.708497179929462637e-03
7.381812525126552060e-02 3.056962931804532279e-03
8.911019373218839745e-02 3.510728355190160990e-03
1.131276899019763582e-01 3.709355338131372411e-03
1.380498613754547188e-01 4.415962585690906203e-03
1.606659975698647158e-01 5.046761510396560388e-03
1.742576137873603770e-01 5.426754014095480638e-03
1.930284635466558985e-01 5.958989295015405807e-03
1.889522694558317117e-01 6.366067686645054610e-03
1.974568838695593687e-01 7.246534370708265956e-03
1.864856476713620537e-01 8.171159222110122716e-03
1.891289303942634836e-01 9.735480556195722640e-03
2.044769697779070805e-01 1.299026425268474949e-02
