-1.229260653992594269e-03 7.243485133701166485e-03
2.158442913819275891e-03 4.153853120484328129e-03
-2.023294604316347098e-03 3.448060796834179556e-03
6.104794813255895979e-03 2.947852641798166633e-03
4.470510495759996011e-03 2.584890308719398847e-03
4.772826115045015159e-03 2.439748906538497745e-03
4.792838227452748262e-03 2.333307460490843550e-03
8.183386494416784382e-03 2.208533458499669158e-03
1.042642985717868662e-02 2.197667144634993588e-03
1.051516081065707875e-02 2.339173951072510624e-03
1.721183991098140451e-02 1.996878329842596052e-03
2.554082571015862946e-02 2.382186933770949564e-03
3.278309570992067601e-02 2.842888824752998547e-03
4.003493961642216187e-02 3.536508954621499744e-03
5.585634770911218627e-02 4.495759663517702800e-03
4.904292786626138906e-02 4.765625851841011687e-03
5.480273176871220536e-02 6.182560319036661811e-03
5.882129185714265324e-02 8.306143353566299709e-03
6.860640010571704417e-02 1.043407515258861461e-02
8.130656215830761591e-02 1.342228070916465059e-02
