1.742001505438311657e-02 1.985138240961208805e-02
-2.214647832863700892e-03 1.083085151295558497e-02
2.766037828333667986e-03 9.283877611909401029e-03
2.733096035104343006e-03 7.391498617882337127e-03
1.316093406310162549e-02 6.605694435788372031e-03
4.942898583979527319e-03 6.478347807698288212e-03
1.077525666591095874e-02 6.066141290539090770e-03
1.242005359104558088e-02 5.465094034424602260e-03
2.636691194301116897e-03 5.765999870145336811e-03
1.228520067513165330e-02 6.141517288428030574e-03
9.991257333726263554e-03 4.555679253425795952e-03
1.573421266419961634e-02 4.927525757633101529e-03
4.012884517153757213e-02 5.776246352603845932e-03
3.495204133079463094e-02 7.417614153725695693e-03
3.033150164663203988e-02 8.855077071992963067e-03
4.423400621818049383e-02 1.090128451253839260e-02
4.994666349660165788e-02 1.502336082117454799e-02
4.031357435350856055e-02 1.877511184380472112e-02
-6.611765496567775964e-03 2.637010835737462269e-02
3.529402886342788981e-02 3.782438045418747008e-02
