6.862358609425791775e-03 7.659246108910958140e-03
1.505633802069242765e-02 4.407922080527825609e-03
2.746006239827503831e-02 3.492495977122660536e-03
3.200439833635067982e-02 3.122786866896265501e-03
3.763303266683154513e-02 3.236926536415526794e-03
4.463491317271911507e-02 3.195526465039210014e-03
4.488062076815477891e-02 2.919505451455593585e-03
4.777212352297365017e-02 3.028776904898292099e-03
4.759033594107078130e-02 2.965992740291375704e-03
4.083423515289753836e-02 2.881438542234270126e-03
2.946186466882723051e-02 2.046373945931859086e-03
1.317674963706611663e-02 2.211329169127560206e-03
-1.032583029999565617e-02 2.515736454182253626e-03
-3.741676835569151399e-02 3.298420653704992305e-03
-6.263632519120154729e-02 4.344198312971127816e-03
-9.295105297999792238e-02 5.754453534806571076e-03
-1.243387727221211408e-01 7.470584867222031765e-03
-1.522302096627475287e-01 1.004492311950927648e-02
-1.595427104787532913e-01 1.231776975049091692e-02
-1.972536690116839520e-01 1.573951113561570039e-02
