3.809014399945769101e-03 6.369840911935646666e-03
3.603336577749180480e-03 3.569134296663530829e-03
-6.085820918614657030e-03 3.000079145986553689e-03
3.108813452445818425e-03 2.380396898414048352e-03
3.818237410218604027e-04 2.149981656134300999e-03
3.795403655706066845e-03 2.113711472142937482e-03
1.270563651852857877e-02 2.013466799976167988e-03
1.420917598450770029e-02 2.085136828279989321e-03
1.708740047315622512e-02 2.052474450201941577e-03
2.388091856865594276e-02 2.188267077816448847e-03
3.104552260022971910e-02 1.889301681714299942e-03
4.266764037076406502e-02 2.456373285476641868e-03
5.157750987639513063e-02 2.681537064876946160e-03
5.563733986973702639e-02 3.311500475210117124e-03
6.189865176562830973e-02 3.952329433259745874e-03
5.228160955305775903e-02 4.635214807163713820e-03
5.819736990216141381e-02 5.694729792759032835e-03
5.514441631521686121e-02 6.579606952888756612e-03
4.787291548334161873e-02 9.237895266447363612e-03
3.456155537746477546e-02 1.221499031294720310e-02
