-5.477983437254011281e-03 2.460477389363400005e-02
-1.364800869539732273e-02 1.405936492102876495e-02
1.135927274501898759e-02 1.096313688797710857e-02
-2.251326005612174028e-03 9.677587669989533986e-03
-8.390078855854202211e-03 8.360398986646973979e-03
1.749806683119236326e-03 7.161874848100043683e-03
2.464328657556899126e-03 6.996939331363586506e-03
9.051839737948642189e-03 6.465556102077953636e-03
-4.008154974093596466e-03 6.353917941211394138e-03
-4.209148607984860278e-04 5.986112727569711973e-03
2.124539151975326015e-02 4.326561199348054158e-03
1.968916501913851175e-02 4.934508468422575678e-03
2.481514025461603601e-02 5.356052750941595400e-03
3.582566968623456666e-02 6.239005236947556786e-03
5.048292493114876073e-02 7.417960011452213662e-03
4.349050011545714522e-02 8.977503149548052286e-03
7.423578474471288768e-02 1.097801230356204236e-02
5.480289419778212184e-02 1.339973957348289217e-02
6.654555228671785172e-02 1.681709338871735515e-02
7.035846821400644491e-02 2.454894660939050191e-02
