-3.175682512965980440e-03 2.301910396751211813e-02
2.159751457813650823e-03 1.225792890960676271e-02
-5.923360982621439855e-03 8.843997921359238179e-03
5.456372542433213062e-03 7.429898572169945856e-03
-2.471959024571079790e-04 7.039108234600389112e-03
6.676266320110691571e-03 6.618756944744548162e-03
3.095444784817470273e-03 5.775472593763387660e-03
9.059933584187985361e-03 5.844396481146246942e-03
1.726758722953581141e-02 5.831894337904528804e-03
1.891651581909640015e-02 5.493031358515320511e-03
3.023062846743618595e-02 4.124608226944648064e-03
3.750332814129023196e-02 4.224314376139786699e-03
5.127977598427224670e-02 5.044418483823732979e-03
4.402486745837908000e-02 5.470382454314278234e-03
6.080809435065983454e-02 6.468313404423233458e-03
7.084712899886198845e-02 7.679722004284182321e-03
5.419337656618914562e-02 9.115950787536450384e-03
6.638236674808954685e-02 1.213769506681289939e-02
5.992163286058362071e-02 1.480983580426341144e-02
2.834694576084260259e-02 2.027757202843758280e-02
