-1.934551575810007293e-02 6.709601564075179381e-02
-1.113476734687184402e-02 3.632375224810735492e-02
-2.966425770221518821e-02 2.932092659269866508e-02
-1.521875805537680967e-02 2.475341935817992542e-02
2.969209698414190454e-02 2.126636493217071155e-02
-3.983631366363505483e-02 1.945609268737629599e-02
5.106208153252177195e-02 1.886569779383967874e-02
-1.050536076158702266e-02 1.692803044651568917e-02
2.755745980933726590e-03 1.735052773590899447e-02
1.528321493506824315e-02 1.705800878097256043e-02
1.050242088973524744e-02 1.154163155525794911e-02
3.062430191286046998e-03 1.299911577913663401e-02
-8.656064690057573355e-03 1.387134946891036696e-02
3.428481900366098928e-02 1.575022209822264652e-02
1.008716428720779490e-02 1.927265077220803244e-02
8.680474840472705844e-03 2.165542820158311565e-02
1.759615212600961279e-02 2.676620158285682519e-02
1.282363346245121716e-02 3.470481740753071642e-02
-1.696096845013892601e-02 4.493072508503414414e-02
8.291374523905564731e-02 5.962071527082951627e-02
