8.246010680454224015e-03 2.118310710142107950e-02
3.603642963532654488e-03 1.122623267687583755e-02
-8.604166577084026296e-03 9.239958894874793563e-03
1.138559224045842568e-02 7.508963165511571038e-03
8.022958093556584527e-03 6.329332545046861824e-03
1.574545939313438947e-02 6.205364914555288811e-03
3.675123385514646179e-02 5.978403986180288662e-03
4.991770733734212512e-02 6.043582511721722755e-03
6.512757876168666360e-02 5.828003543479555633e-03
7.669820085306310042e-02 5.827637845539318344e-03
9.456199493860968641e-02 5.119644663623195043e-03
1.255448964386581268e-01 5.773569414703133042e-03
1.517524237254917197e-01 6.402644468830549773e-03
1.765194851924152264e-01 7.093925734339778279e-03
1.730047136166185107e-01 7.771351512955200144e-03
1.775404046725170271e-01 8.724434944824575877e-03
1.961266831966874125e-01 1.024292945915282298e-02
1.749361240993466404e-01 1.219294739314558985e-02
1.872393618766370893e-01 1.428749847777965008e-02
2.146220726281604374e-01 1.959146370564022674e-02
