2.452287378488470990e-02 2.476670277165432532e-02
4.527490760951037585e-02 1.399274630951621856e-02
2.758224591878905008e-02 1.066672226643545704e-02
3.342688236580469013e-02 9.508143886547065077e-03
3.201996581627161720e-02 7.745100399221936313e-03
5.396336672951191488e-02 7.695710374215356323e-03
5.825642026224356340e-02 7.428789734824072129e-03
6.466985817862608288e-02 6.943783754915842758e-03
6.570274922911606419e-02 7.026074739027306573e-03
5.494026182291386617e-02 6.374043945377520434e-03
4.376232938494564045e-02 4.848624314614003415e-03
3.209735597734416496e-02 4.993236194969771086e-03
8.002923084841351287e-03 4.883081554852573662e-03
-1.119380847001799802e-02 5.517234305347997955e-03
-4.059123181702269795e-02 6.953529205734113733e-03
-6.402083253262741414e-02 8.510091485671771039e-03
-1.052610357346404069e-01 1.084911608490406881e-02
-1.095832858873876103e-01 1.385903972764233015e-02
-1.287497488166529369e-01 1.717090475224625559e-02
-1.674500348257731419e-01 2.343197133005240143e-02
