2.897078519676805214e-02 3.666276236777655378e-02
1.835557413807939464e-02 2.172283327048238691e-02
2.888852256538608498e-02 1.662565869448381223e-02
2.606960857978939117e-02 1.387112648402767136e-02
2.940490944714459556e-02 1.281206988556867453e-02
7.265125437854005885e-02 1.131711615926683095e-02
5.033545446391425593e-02 1.105725669484042793e-02
7.945573967693470019e-02 1.068782283591276222e-02
5.495006872099507389e-02 9.823931475825491144e-03
7.667754563895946840e-02 9.755560853961368559e-03
4.914818592675453818e-02 6.830289719190377196e-03
4.839537311561419031e-02 6.910267947251518862e-03
2.170303214785019447e-02 7.082158455203847562e-03
5.026050860301602315e-03 7.811533937364184381e-03
-1.943824907431718901e-02 8.419533735107381095e-03
-6.291551000800216231e-02 1.088644663916933479e-02
-6.745217067024399105e-02 1.269461348980057205e-02
-1.010920013371424953e-01 1.578422845684583631e-02
-1.606653812836747464e-01 1.954522164903748152e-02
-1.597147747894490655e-01 2.533780989681098592e-02
