3.200911266453199816e-02 3.965642963972317719e-02
7.772388017618729258e-03 2.239313824400850778e-02
-3.193179579457060442e-03 1.629049800838755155e-02
-8.688260874680097182e-03 1.395052328419017079e-02
-1.891576600196009927e-02 1.235550906477951225e-02
9.642328787941153653e-03 1.109208077979603746e-02
-1.998463997726970722e-03 1.004191066873195461e-02
1.417594825524477395e-02 9.404643249957751402e-03
-2.047409698690478338e-03 9.671274751563268754e-03
2.455285643158928305e-02 8.992922442973895827e-03
1.686288713162494360e-02 6.378251288294399350e-03
1.582804386428749918e-02 6.369014881266572836e-03
2.266364371679771908e-02 6.946737129406571100e-03
2.565457002756902152e-02 8.386709464097023836e-03
4.312807670519974018e-02 8.892690922153247829e-03
4.997223054170042006e-02 1.116815459234150702e-02
4.935361787394733357e-02 1.269386081950141590e-02
6.018356540351125356e-02 1.652412744483800280e-02
9.255052597014805371e-02 1.851063672803333546e-02
3.843931346266831611e-02 2.314331491774015981e-02
