6.848574196767247269e-02 9.627836111992013612e-02
4.884253113971311760e-02 5.895473673464208392e-02
1.231342988655339740e-02 4.420569784914907957e-02
6.404424402789971049e-02 3.768757587274980392e-02
-1.195074944576929483e-02 3.082459424367387651e-02
3.098449427673685350e-02 2.850999878168318860e-02
9.482583520247772971e-03 2.625946020839632980e-02
6.742536082476669086e-03 2.624205724022804151e-02
1.823784356839334292e-02 2.426828399815250670e-02
4.892611275046777897e-02 2.500610817354051441e-02
3.575464355185179431e-03 1.616334391617203076e-02
1.526846477586867555e-02 1.692579543360218236e-02
9.505328283733740016e-03 1.939648828639208358e-02
2.844372800428694725e-02 1.975432813192551373e-02
8.968853390211266319e-02 2.341465315731627861e-02
5.766983585829553449e-02 2.809010206494728240e-02
8.036994884781724011e-03 3.332037213598239289e-02
3.243166690449349882e-02 4.065015158167652187e-02
-1.532782463959521391e-02 5.225262771283046420e-02
4.100128880724046576e-02 6.491515695532526498e-02
