1.272515466434189120e-02 3.179035833705009390e-02
2.039871789943330932e-02 1.944020353103765447e-02
2.584224769480382086e-02 1.402703789696761044e-02
-6.125047858479772296e-03 1.156883682759588493e-02
2.231175540273858809e-02 1.053169811752032239e-02
-7.355528334777147910e-03 9.855458494800491479e-03
1.019505538235837561e-02 8.430295262885694960e-03
1.538846405344422921e-02 8.540855241768499292e-03
1.969157881355054762e-02 8.261523617906581587e-03
2.783107106654930663e-02 8.408977903701349635e-03
2.881705958806441564e-02 5.648316348394160323e-03
4.240786507143802508e-02 5.537042476883292236e-03
4.777840490380040606e-02 6.497887931675271588e-03
4.164247305004980387e-02 6.999980122921968008e-03
5.937606743461574382e-02 8.065254384670185461e-03
5.958465246415975414e-02 9.535819170447192017e-03
6.469886986302308962e-02 1.162681475021105741e-02
8.876046273563564792e-02 1.404836088706835906e-02
4.252659073515750732e-02 1.763305736265704041e-02
6.583391019104545272e-02 2.198791126291929285e-02
