-8.379022093479043809e-03 3.222654788999583519e-02
4.500777630353052644e-02 1.850353067422004158e-02
-1.255401888688324405e-02 1.319913122740862602e-02
1.542345079515679285e-02 1.144394994178003604e-02
1.504363702639323168e-02 9.648209018116757699e-03
2.716803856387606936e-02 8.819620351203111969e-03
1.940946112775148238e-02 8.632402466255396228e-03
4.685762255843961555e-02 8.063399212292687510e-03
5.575207476722091049e-02 7.989279163754107668e-03
6.590139591790454554e-02 7.884707763833407462e-03
9.829932956782951037e-02 5.999647012757555742e-03
1.119202927140631604e-01 6.335700153134643520e-03
1.384356479114515481e-01 7.029569624868747292e-03
1.600032146067625061e-01 7.614842766557264851e-03
1.821868867850942875e-01 8.901724126882878951e-03
1.859659804025392549e-01 1.004054674138722680e-02
1.936390235468082588e-01 1.124496857373182696e-02
2.047218054509265805e-01 1.367950010157637820e-02
1.736513382471779332e-01 1.708328867671381895e-02
1.769889857079265105e-01 2.084189726891827119e-02
