-4.396980359125370540e-05 5.327847721179213708e-04
8.234391207665378576e-03 3.909637858802173785e-04
2.407767249164353626e-02 5.988774903478734628e-04
4.096219418206804852e-02 9.191616015045453274e-04
5.814321645806393851e-02 1.285280670782516527e-03
7.315738450017965355e-02 1.600715604492577906e-03
8.705216536698791308e-02 1.891111834067865779e-03
1.006913908912274863e-01 2.144394032470582634e-03
1.133062313480913685e-01 2.460113495382376930e-03
1.250642321947076918e-01 2.678572372781979922e-03
1.398938508666237313e-01 2.954398874068422682e-03
1.590085891521754724e-01 3.373354197451405769e-03
1.768618929599796996e-01 3.699620362994349241e-03
1.956716338264284372e-01 4.080474861908822692e-03
2.099606147862192740e-01 4.329120359041101207e-03
2.278509939143864016e-01 4.744889073971698956e-03
2.407881664572623925e-01 4.996593192278141020e-03
2.555564691209770700e-01 5.408684196619046973e-03
2.682883054769963360e-01 5.951526872377088488e-03
2.809160436032437924e-01 6.190446199771500180e-03
