-2.738766990424781910e-04 5.383506743767333238e-04
-4.468965347133815489e-04 3.671834064879468023e-04
3.597006174498856151e-03 3.494129468711235087e-04
7.209537814533704611e-03 4.435374353041591795e-04
1.217713676632648651e-02 6.046206626536866375e-04
1.830308953606161679e-02 8.231358658385359720e-04
2.379587246065252917e-02 1.069129921660807395e-03
2.935560335944319837e-02 1.249612233990009431e-03
3.567125758512681294e-02 1.525984548293279680e-03
4.161073753590505131e-02 1.767384878057368883e-03
4.810148322574470808e-02 2.014417451374726775e-03
5.762431846141598257e-02 2.419920145382831525e-03
6.585641369044657745e-02 2.841801762725669651e-03
7.367400055820166882e-02 3.133825075455338397e-03
8.484652811677474704e-02 3.658715459488228600e-03
9.299253222956452292e-02 4.108342071079490454e-03
1.001203175871213380e-01 4.568374338383882592e-03
1.035895862013887503e-01 4.926720838294861363e-03
1.113660140009176819e-01 5.558513383157154611e-03
1.113858363048746969e-01 5.856945692325364258e-03
