1.869563039381031072e-03 6.193023936893627540e-04
9.595880522436723431e-03 5.602080406756905452e-04
1.862394383172556733e-02 8.135542778964106056e-04
2.190931512468734937e-02 9.175483980722452153e-04
2.358219029160916677e-02 9.906766837074257575e-04
2.402057823734410000e-02 1.048728577711033599e-03
2.230977580436993568e-02 9.718436086965431603e-04
2.033468327253176028e-02 9.537331527061725881e-04
1.612871557834760078e-02 8.395708420405418801e-04
1.359815774372106351e-02 8.272767627477996526e-04
7.508399899134030053e-03 5.797047244380369073e-04
-1.292432568599215063e-03 7.032637178593537531e-04
-1.187590593403632135e-02 9.971527427561552564e-04
-2.027611731139261630e-02 1.406417296818156942e-03
-3.108850140178217106e-02 1.951528538378883475e-03
-4.537859828255805944e-02 2.426439909869963080e-03
-5.729056797492076275e-02 3.132700914241129397e-03
-7.024540689331962295e-02 4.054428576059139304e-03
-8.352139291114152320e-02 4.618860892630734759e-03
-9.941581636205065742e-02 5.832607417408553103e-03
