-1.277464284955698000e-03 5.881344019411172477e-04
-8.457895113914227006e-04 4.049458127872853719e-04
1.665459973428545879e-03 3.813088216191799339e-04
3.207838652007149408e-03 3.738948842033098488e-04
5.142669021326145597e-03 4.485639680378083007e-04
7.756459258275658943e-03 5.116910554465076187e-04
1.088294888868480970e-02 5.915334862943525404e-04
1.441391714621649035e-02 6.909291950391911350e-04
1.815415654001628284e-02 8.693593859899313107e-04
2.343863947829574745e-02 1.055089311234926009e-03
2.700590822688829495e-02 1.060087530510683265e-03
3.350941534554333773e-02 1.346761647287527969e-03
4.132755369111359989e-02 1.651802677113345386e-03
5.032216707204752171e-02 2.029932262100682654e-03
5.809423348809741178e-02 2.334163770063801564e-03
6.771426135970617932e-02 2.830006922483550413e-03
7.396572726195808911e-02 3.191980416358978622e-03
8.340642579123891398e-02 3.853666716883919797e-03
9.243642590107749302e-02 4.336677453699685179e-03
1.020658473272928884e-01 5.086844157505010858e-03
