1.930744689519345780e-03 8.277351418274893303e-04
-2.201495982645777934e-04 5.303486608309542329e-04
5.502305491612650631e-03 5.511663227426584055e-04
6.137151106540139969e-03 5.761479181854516594e-04
5.301934394298280125e-03 5.408074428817099578e-04
6.360438634366173682e-03 6.339191130748004317e-04
6.978523886022508331e-03 7.137984184045481758e-04
8.811857109114855369e-03 8.376567138682790422e-04
1.136596383580433002e-02 9.162594157786080459e-04
1.224675519379137337e-02 1.029944539390740925e-03
1.379055644985431595e-02 8.935960172456677581e-04
1.725782670252556592e-02 1.159928627529821033e-03
2.303897426613317478e-02 1.515955530177749613e-03
2.743155029822772970e-02 1.911803663751397491e-03
3.043359116098402761e-02 2.163923976923602666e-03
3.335258760649607856e-02 2.837299860555863272e-03
4.417181478614498613e-02 3.332812690234355016e-03
4.579888434594191204e-02 3.974384128091854908e-03
4.643626415923680223e-02 4.382940510961729624e-03
5.977428978534719134e-02 6.138212692029377041e-03
