5.414553236733736681e-03 2.982705899529479107e-03
1.480799115100114860e-02 1.962515123246969667e-03
2.117763695343516037e-02 1.762075753366088363e-03
2.853056698910678979e-02 1.711296964496530340e-03
3.094111828147882992e-02 1.875389309992611751e-03
3.328310240913651130e-02 1.768717280475284002e-03
3.304968948131072753e-02 1.749433105612532933e-03
3.008995863094346759e-02 1.729979006696343545e-03
2.746786568065376008e-02 1.747698916195953526e-03
2.135009343597661993e-02 1.761789669083355494e-03
1.370608328088566107e-02 1.157950125678445553e-03
1.729140998746152074e-03 1.327570581735391334e-03
-1.429478577692266071e-02 1.847969172105774381e-03
-2.755086459117502343e-02 2.283122995214704760e-03
-3.781955670050800300e-02 3.001540948609336505e-03
-5.179569855509674747e-02 3.836597107331679319e-03
-7.150029852485645376e-02 5.000506662358231678e-03
-8.553953241613829195e-02 6.589362963293384813e-03
-1.110689858042257783e-01 8.261528509826955580e-03
-9.985507812264310390e-02 1.009670847204475509e-02
