-2.837187313436473086e-03 2.857663492550787786e-03
2.151662737783919827e-03 1.718371989378303247e-03
1.298734607918080848e-03 1.325727840384120435e-03
1.863565172048928893e-03 1.177637301757288903e-03
4.603003312383579550e-03 1.157282063447762381e-03
5.455785832967839123e-03 1.149272641877008370e-03
8.669600096783037710e-03 1.106763444402980101e-03
1.323437934539922582e-02 1.223137376101501297e-03
1.596386339812045502e-02 1.379041704189248050e-03
2.222442852930019835e-02 1.605194958141253079e-03
2.788115314628070163e-02 1.416453917043805936e-03
3.424298632271152026e-02 1.767057261293695928e-03
4.389868907955320199e-02 2.193185463707183168e-03
5.433660107271144624e-02 2.697719855775014986e-03
6.024774982471201024e-02 3.201763477979867323e-03
7.126131813891474487e-02 4.048731596799127336e-03
7.721906113502580160e-02 4.917094858442717410e-03
7.565100438900572433e-02 6.009128425632726846e-03
8.991442075592216698e-02 7.508673523337768517e-03
1.042210630622526640e-01 9.214527671473475914e-03
