7.200575830969393847e-03 4.119704107443625252e-03
2.903825778952011469e-04 2.233196337694160621e-03
5.244207323597168888e-03 1.993648014718198223e-03
5.235410774375746923e-03 1.732934759470303914e-03
6.342464955616368937e-03 1.551123806399923354e-03
7.072273549312320905e-03 1.685200640531272966e-03
4.843410749673239535e-03 1.596509529084911162e-03
7.624796365899556838e-03 1.700059866849313542e-03
1.113756509331142314e-02 1.876726709168774921e-03
1.009464000905542849e-02 1.851300072822225197e-03
1.414473616267182023e-02 1.560321282622669772e-03
1.709714998521266391e-02 1.918312450023575404e-03
2.281815121346505645e-02 2.581701465196483379e-03
2.546232566395981167e-02 3.245451387962787655e-03
2.961785092547328940e-02 3.761204277778031242e-03
3.638303062433587143e-02 4.927240245302904990e-03
4.743380475823264636e-02 5.866989913787319655e-03
4.207765437031562444e-02 7.612703121627859872e-03
5.299395260161401944e-02 8.950188682012437391e-03
6.952112213811297015e-02 1.236954229829395797e-02
