-5.032900284156186302e-03 2.706207806314234968e-03
-8.693680401684202681e-04 1.573478429223684706e-03
1.480677812523034653e-03 1.380251434002927871e-03
3.760941679566685760e-03 1.150104009252119353e-03
8.980299110444601995e-03 1.110015968399326227e-03
1.402693925965232263e-02 1.187822079376454681e-03
2.063668241679252752e-02 1.408146425985839795e-03
2.363049639995130902e-02 1.502042212476886653e-03
3.109310975603624475e-02 1.746199999411265479e-03
4.040308760310508396e-02 1.987031306493039062e-03
4.742700827824357368e-02 2.139349179187995196e-03
5.749178022874620875e-02 2.562682542265862142e-03
6.669419051599011217e-02 3.006655079741819923e-03
7.711727366907918102e-02 3.636170837012722788e-03
8.705961451567645337e-02 4.337867472862114507e-03
9.401804622608928019e-02 4.964665354019470039e-03
9.956878053934840878e-02 5.658095997693878172e-03
9.826955755210374510e-02 6.360257713065344855e-03
1.087409740384947948e-01 8.038481846328783195e-03
1.154001503327374417e-01 9.590784978488371693e-03
