-3.597278851210682863e-03 2.749426910984598647e-03
9.504474318108032489e-04 1.628171565408920293e-03
8.144690752194837235e-03 1.243629729660477874e-03
1.910101803178141516e-02 1.219195377538787733e-03
3.471047041173976055e-02 1.315332002722890276e-03
5.106271426596895729e-02 1.563731988032610433e-03
6.432153702269437223e-02 1.721235724878374986e-03
8.595326301504579991e-02 2.143351275118941888e-03
1.020890693706833913e-01 2.518920841270468232e-03
1.188753730090154476e-01 2.830906253749990425e-03
1.372343780884320297e-01 3.053675287959677857e-03
1.618302460228624451e-01 3.593938531685965301e-03
1.838853455473952181e-01 4.001006865707423810e-03
2.059490545720810695e-01 4.525401956727357136e-03
2.183627191197444195e-01 4.858276421208738809e-03
2.415711404401391371e-01 5.574952690210013481e-03
2.497045970631898426e-01 6.274821669391002568e-03
2.672012725954307499e-01 6.959913194969317464e-03
2.701950086817098140e-01 8.142088858539094434e-03
2.850801210202184022e-01 9.463133807854464188e-03
