1.667149595385494527e-03 8.486074286015811213e-04
-2.739817374711849408e-04 5.453669654729814383e-04
5.538431189438372017e-03 5.645428127484991608e-04
6.224369786375703699e-03 5.992643359275155821e-04
5.089856511973835096e-03 5.780673069692055140e-04
6.420428219170003052e-03 6.853712027431554292e-04
7.747673160972186161e-03 7.936269833333504768e-04
9.430314416031607139e-03 9.757241815094171676e-04
1.186698538653413112e-02 1.066185906973329649e-03
1.362818325074821244e-02 1.246505679461969293e-03
1.451892461578665680e-02 1.077223799446176775e-03
1.911286963868610161e-02 1.437511912073194571e-03
2.664518778084769279e-02 1.919116106300726475e-03
3.222897680211424948e-02 2.467260334843510757e-03
3.310226295889491521e-02 2.913223469921301899e-03
3.384132396861892766e-02 3.921151679780358196e-03
4.574584528492305763e-02 5.318534583797563872e-03
4.971877445674788981e-02 5.994980032872277396e-03
4.146346501731839468e-02 7.427120241071272048e-03
4.920303157416106715e-02 1.011500717620638680e-02
