-9.712800965675163101e-05 5.534082126079284663e-04
-4.207324681990162827e-04 3.790653168837468260e-04
3.749894106480044544e-03 3.677485112765893605e-04
7.713454301489065280e-03 4.714837940824146497e-04
1.289146401943695557e-02 6.550333177816281211e-04
1.964928462987367008e-02 9.007350650184242939e-04
2.557014417739003967e-02 1.143513412117349443e-03
3.261171286166118788e-02 1.380668938510696284e-03
3.938350549275912438e-02 1.691502511867629122e-03
4.616971065787314060e-02 1.990331667681884738e-03
5.360113513857698436e-02 2.278901646874257128e-03
6.508175287312580048e-02 2.758807413432779170e-03
7.281688774276434684e-02 3.259933793050923123e-03
8.202460577411990750e-02 3.595356900041046539e-03
8.926906732047711068e-02 4.104958117243435144e-03
9.506654474998385562e-02 4.497883894556389296e-03
1.077220436858660202e-01 5.549532706706468768e-03
1.076557739315756185e-01 6.236823623070636598e-03
1.063403498837818262e-01 7.329590113033073763e-03
1.156103391452834028e-01 7.815797030153550859e-03
