1.497397006560375536e-04 5.379139644638348573e-04
8.711370590790513263e-03 3.972598173995279050e-04
2.558388749579275021e-02 6.360566089628114615e-04
4.401005740146984174e-02 9.863197593976218668e-04
6.264542759081521972e-02 1.390018801345842357e-03
7.916666593913293526e-02 1.720439189148257426e-03
9.550292093204446053e-02 2.081428418041532131e-03
1.095182200676896034e-01 2.318072438698239209e-03
1.238267240324361362e-01 2.673537805617248395e-03
1.367636860241096819e-01 2.900278956673343032e-03
1.541665488628015390e-01 3.246140863439334577e-03
1.757041805919309918e-01 3.712965848463597486e-03
1.949676772278541581e-01 4.067193222492242709e-03
2.144986428745725426e-01 4.491519381620009271e-03
2.297820408027381744e-01 4.851621801993112083e-03
2.421318247192358608e-01 5.274059597112181093e-03
2.552596460188332750e-01 5.612402172320644575e-03
2.692885514841232841e-01 6.308566898626319017e-03
2.769554536809029632e-01 7.304364088712973421e-03
2.779870095153837983e-01 8.249036187763040748e-03
