1.716445184735752557e-03 6.325273595017066397e-04
9.311385621163395174e-03 5.619458429121193359e-04
1.851580665194725930e-02 8.164046550282759353e-04
2.130085717700379300e-02 9.084570006499968677e-04
2.245360076191224574e-02 9.423489192297493638e-04
2.215746083355383048e-02 1.004370811851793130e-03
1.945200879606914443e-02 8.841540341265306541e-04
1.676726242692835878e-02 8.890511743410435238e-04
1.037051506207204397e-02 7.863330097784940491e-04
7.295160372619418146e-03 8.165736069170461504e-04
-9.379814684204851837e-04 6.749811496926612147e-04
-1.281526852316998769e-02 1.053609898763811694e-03
-2.737679499305759392e-02 1.609734829127111404e-03
-3.729908507862323558e-02 2.269062234726838736e-03
-5.342441967923039492e-02 3.190345492356280125e-03
-7.001178883225796235e-02 3.878400340992126626e-03
-8.150344313061511081e-02 4.889188987868783344e-03
-9.412843960034260327e-02 5.891975182902249586e-03
-1.092312646419477951e-01 6.985323986273179325e-03
-1.314033507333880191e-01 9.292845917328490177e-03
