-1.203152833880550632e-03 6.005581920981211070e-04
-1.050116205089454127e-03 4.244320971853539804e-04
1.678829034022941103e-03 3.850418393221487039e-04
3.324682386849428604e-03 4.018744656538568178e-04
5.249727006567345665e-03 4.742394867115485029e-04
8.525610193213569582e-03 5.476805470738353851e-04
1.189361715511320396e-02 6.868557163098306740e-04
1.569519834023000784e-02 7.913175735686769690e-04
2.015273459907830286e-02 9.689865899343324184e-04
2.536687754992911908e-02 1.177816514720526333e-03
3.021485316393756476e-02 1.215838037509134372e-03
3.795837963587504749e-02 1.583419603954088319e-03
4.596038673371326960e-02 1.936996116211209132e-03
5.677379807879279205e-02 2.520321320781711803e-03
6.499563151029207064e-02 2.955781549347900709e-03
7.078837208704286121e-02 3.435863460146655526e-03
7.646565453969438042e-02 3.985955703087712410e-03
9.339681082593909167e-02 5.319072555841595183e-03
1.007095045048771453e-01 6.389078639300142630e-03
9.939225688225312993e-02 7.626445652421287059e-03
