-8.292375083718434362e-03 9.823396783915942440e-03
-3.523972294585442193e-03 5.229344722969353140e-03
-3.519756019133041258e-03 4.156475522168048137e-03
-4.784818991708814605e-03 3.355828296914940920e-03
1.264098075371948744e-02 3.178835546063209921e-03
1.103845078460682048e-02 2.836290072419416376e-03
1.260870221827857171e-02 2.742912213984538116e-03
2.582169143193619246e-02 2.555550343471243383e-03
3.199894190280250239e-02 2.556093160451269625e-03
4.477291866169951645e-02 2.705989657732963370e-03
6.598498845860403805e-02 2.279759698448053859e-03
9.973547540534218048e-02 2.899558967198244668e-03
1.309333709662326706e-01 3.389037885787246195e-03
1.638184405858632564e-01 3.981062467867494369e-03
1.872792788635562478e-01 4.490648938750202435e-03
2.146507618966321251e-01 5.185596987960785012e-03
2.328797768927594047e-01 5.515306506331376334e-03
2.508004113010379177e-01 6.310056143495217096e-03
2.661035377140585356e-01 7.313729719925842615e-03
2.872421063221763382e-01 7.994280824702784671e-03
