3.238831687902841202e-03 9.439511998776715235e-03
-3.127574654387341776e-03 5.261797459180614887e-03
8.685308779961721168e-03 4.155762322611389337e-03
-3.189446439274859404e-03 3.581942630608827595e-03
1.603311021821277049e-03 3.211033643302840974e-03
4.961915174160972655e-04 3.060409843539058095e-03
-2.179068962343498443e-03 2.595110594297288329e-03
1.992891043976298838e-03 2.528568165786110669e-03
8.592851118572466390e-03 2.570344111584436150e-03
3.344720621623958716e-03 2.454086005315597643e-03
1.984338368528126145e-02 1.916995292919733505e-03
3.253692947629507198e-02 2.255650366108925831e-03
4.915419253761768581e-02 2.802786815904578094e-03
5.756919100470200834e-02 3.116356852189941257e-03
8.073716679359939363e-02 3.974803326273419583e-03
9.078599595463567040e-02 4.592699958821753331e-03
9.598645249009793434e-02 5.369442191224170491e-03
1.037029149764263081e-01 6.023274981232947661e-03
1.194673067935630717e-01 6.913659427775060984e-03
1.085963891325150699e-01 8.252515481600809777e-03
