1.215277059804279434e-03 1.091624950182433322e-02
9.545966380498855861e-03 6.211911395154173787e-03
7.781359835204461860e-03 4.665613210298251781e-03
1.310052579492283070e-02 4.237871453971147825e-03
2.497499707657266713e-02 3.944250647466046762e-03
3.008949339794210476e-02 3.405401171240148538e-03
3.165871724660442033e-02 3.519234069593309838e-03
3.431073541663837850e-02 3.192763065391127780e-03
4.545841836501125083e-02 3.280852019085202503e-03
4.150205708725771686e-02 3.263253207476615562e-03
4.059948835540162088e-02 2.577312700622030016e-03
2.935518814887185315e-02 2.390102921105394067e-03
2.327834097308426747e-02 2.285567034383852170e-03
9.849548405452249536e-03 2.393268065252876064e-03
-2.007794054446622369e-03 2.683260264442805573e-03
-2.293827471461288778e-02 3.326440411590985205e-03
-3.819438781248631759e-02 4.251707587255060955e-03
-5.519751319470594941e-02 5.320155277179710630e-03
-7.062669229646009739e-02 6.285800834686747045e-03
-8.721641700144389109e-02 8.431284960571036602e-03
