-7.954429937049460381e-05 1.440628041436406610e-02
3.827349433758121182e-04 8.076213735486040615e-03
3.673924100505029499e-03 6.322717274276356235e-03
3.113330768278223682e-03 5.095864625078198699e-03
1.122634458016827895e-02 4.524978393924708638e-03
-1.891965732415611893e-03 4.340798256105686884e-03
-2.511022987732049704e-04 4.077621660212953775e-03
5.212907191176559089e-03 3.763244208992553089e-03
4.334905964537024044e-03 3.635551802267344892e-03
9.829156031980689281e-03 3.836441891097601420e-03
1.045928804912265100e-02 2.495881355423368395e-03
1.177943867746666755e-02 2.614305771270512661e-03
1.403634619782426034e-02 2.863789533597026638e-03
2.133387125336430601e-02 3.286850111723008030e-03
2.815023729443040523e-02 3.767204558007545244e-03
3.500448451213908352e-02 4.694975560107843456e-03
4.212898041795165582e-02 5.269734045970910115e-03
4.289497234892991617e-02 7.026172709565386282e-03
4.862571000464971371e-02 8.060161893544175865e-03
6.540179254945870102e-02 1.099430160601827348e-02
