-4.249933342014434144e-03 1.004432089784129505e-02
2.724889013856670889e-03 6.023003421311435256e-03
5.973261347630544685e-03 4.352814146380315843e-03
4.120807827244377802e-03 3.890144646993092242e-03
5.084996251785951944e-03 3.371014594212286448e-03
-5.114990377334785628e-03 3.132668433532516655e-03
3.770714384906330538e-04 2.904653136549190020e-03
6.225052196153180954e-04 2.772489079621063592e-03
3.618662450750980298e-03 2.796017455271701015e-03
1.139752355026040637e-02 2.662698379437163348e-03
5.907391714868067203e-03 1.752186494734716713e-03
1.703092186001576094e-02 1.837328000995731110e-03
2.756024601616176989e-02 2.202663312126128432e-03
3.723040335090879727e-02 2.586398265179589394e-03
5.065968585493970527e-02 2.903182102806896488e-03
6.748432578957522243e-02 3.837513758388594841e-03
7.290273159843455031e-02 4.492055668304312938e-03
8.104650254032819134e-02 5.331581477523774162e-03
8.777220122599271868e-02 6.142086469316739711e-03
1.098795480255129881e-01 8.071829751231818922e-03
