6.971238416068982480e-03 3.413258678007742575e-02
-2.311715935156711827e-03 1.990248946203638028e-02
7.572354810183442794e-03 1.509401037932550475e-02
8.050072064167820493e-03 1.339726473991589666e-02
2.975873128122171613e-02 1.171477022030606094e-02
3.227546883036562508e-02 1.087033946586705470e-02
2.495154481595457385e-02 9.256445244498803446e-03
3.577812594574714816e-02 8.721458145585263971e-03
5.013323518383398097e-02 8.878037972371669376e-03
6.254946184490420280e-02 8.238833514526084159e-03
5.127760863476429898e-02 5.525222545394383074e-03
5.660375400117242245e-02 5.730083764099076077e-03
4.158009025428267835e-02 5.596611537021014063e-03
1.950416091290511217e-02 5.657453440568499872e-03
1.030287930393904497e-02 6.304617725693639936e-03
-1.086270194071106872e-02 6.974096269970579687e-03
-9.377059011427522212e-03 7.854221129431508686e-03
-3.717629712166122674e-02 9.836328215262857971e-03
-3.968803412765189303e-02 1.169529699371796815e-02
-7.478832677204826085e-02 1.388155456573895129e-02
