4.076644068849159114e-02 3.292494201715999436e-02
5.942709925656643362e-03 1.850204537445324787e-02
2.382631269391511340e-03 1.416760720179342965e-02
1.459276158319449020e-02 1.194666140366740063e-02
5.304244195348643571e-04 1.042938507777563771e-02
6.737625181082141160e-03 9.827009310006610057e-03
-1.000708385242480604e-02 9.226500127176340965e-03
-1.237378262797737653e-02 7.966109234425313226e-03
-3.107294752418641851e-04 7.551850023595662459e-03
1.520844088332180821e-02 7.560318372031051698e-03
3.716127857964576179e-03 5.175962649638420413e-03
1.970010280820906623e-02 5.003772516885076488e-03
2.290652272486796634e-02 5.053792599160022471e-03
3.701623387995092024e-02 5.589946513861158636e-03
4.488817966475922711e-02 6.013324520866179627e-03
6.586282025795682504e-02 6.980707902308668812e-03
6.429689846349526117e-02 7.561892121930761240e-03
8.317869885821538301e-02 9.525436328932304977e-03
8.319028413272917810e-02 1.132265660883893452e-02
8.772471908270107477e-02 1.398798136928731083e-02
