-7.510054148286367942e-03 5.032167758748733871e-02
-1.692934881086624252e-02 2.693078341089882519e-02
-7.833425625294369865e-03 2.032291984091852410e-02
9.465166595366898694e-03 1.725602204761830794e-02
-1.450951309857407071e-02 1.440109306264159353e-02
2.132340094874067907e-02 1.361636701302424736e-02
3.260835714619342990e-03 1.273650122662451332e-02
3.579433943496254569e-03 1.249318887340618300e-02
1.200143571910454975e-02 1.130991246735560743e-02
-2.697021728960153058e-03 1.065559014025381848e-02
8.210817395195725565e-03 7.081233805100807348e-03
6.385633833478311476e-03 6.940372248191935961e-03
1.519996245861826231e-02 7.067836448366941748e-03
1.951799900064851712e-02 7.547294178827473193e-03
3.141975251708644529e-02 8.659345239321214471e-03
2.838707707070569145e-02 9.149428651231994794e-03
4.804814077182367055e-02 1.061247912997709784e-02
4.282788995437887547e-02 1.307246833677849079e-02
4.380119898190940747e-02 1.450583960427038674e-02
5.058304795969783413e-02 1.897430286234300795e-02
