3.174690235959645463e-03 3.019196856814073196e-02
-9.758599935522407334e-04 1.791363968614232555e-02
-2.201304440225582831e-02 1.346523610715161419e-02
5.135456683415388565e-03 1.115917859579317398e-02
2.422391095345392039e-03 9.858262035531497464e-03
-2.317879462062421431e-03 9.276526075346234676e-03
5.371443784094064901e-05 8.434537506563017858e-03
-3.622386805685864821e-03 7.979447502556078972e-03
7.579956649515344827e-03 7.509448824414070162e-03
1.321170856805442551e-02 7.063446230339323270e-03
1.061955665457076439e-02 4.686099668984731320e-03
2.316765628418727269e-02 5.007866239067800852e-03
5.496998848717250113e-02 5.247328547363471277e-03
5.524436163597811617e-02 5.569035654027931596e-03
7.379172763364276466e-02 6.205625064164452601e-03
9.109623843818119571e-02 7.560202505649613568e-03
8.651145890281035367e-02 8.173399314994793732e-03
1.100128988711440992e-01 9.548408704835533237e-03
1.121966808064170373e-01 1.117385431157724707e-02
9.597307293848537924e-02 1.307604668467888913e-02
