-3.823790040394274559e-02 3.022697559972850959e-02
5.283500683731001506e-03 1.721685976254188830e-02
8.327214117558262921e-03 1.366723194756834514e-02
1.229683164769179889e-02 1.132498806900604851e-02
-1.183931091236166584e-02 9.650076103204653644e-03
1.235934694413509671e-02 9.568080011074063182e-03
1.529506689069152527e-02 8.013861592805083395e-03
1.844792641425081498e-03 7.576186112798201713e-03
1.432949439019755994e-02 7.250660103797827022e-03
2.564960523423956418e-02 7.549240725552445845e-03
5.341221241206024067e-02 4.989566385022817414e-03
8.159612805032238902e-02 4.654289158882009801e-03
1.110415514859572350e-01 5.069480833350902514e-03
1.320129187057501874e-01 5.608853664966126015e-03
1.705470582698891402e-01 6.021054011155427786e-03
2.004706595310599970e-01 7.415990219288400714e-03
2.121336645480547678e-01 7.940283408655752703e-03
2.330674548869934859e-01 9.238966427234896264e-03
2.664674307670526487e-01 1.105194039035030558e-02
2.865314597667598662e-01 1.377384389951162406e-02
