1.874162241275523916e-02 4.452588837921992587e-02
3.611700016898126975e-02 2.685901155083392569e-02
9.046667251244006058e-03 1.980264918491605672e-02
-6.897170715620672306e-03 1.755460562187215537e-02
-4.498898582899695832e-03 1.628328169934570302e-02
-8.666387580673746288e-03 1.533897553664380006e-02
4.387477548289903475e-04 1.321103717997926946e-02
4.783344123398685505e-03 1.188941467657213084e-02
-3.734230885624585661e-03 1.131270242678299350e-02
1.775091236875983927e-02 1.086021868207264277e-02
3.352752857843963909e-03 7.613657564814750763e-03
2.215231801027700998e-03 6.749798669882336663e-03
2.990280968205621254e-02 7.440998735562195238e-03
2.129922713192076641e-02 7.070943621706092530e-03
4.058839966249988551e-02 7.403345172533479235e-03
5.144880572951207598e-02 8.822208751189476728e-03
7.016700032730661951e-02 1.030280758980962538e-02
7.292746517768504411e-02 1.271914719097806158e-02
8.374534063459052047e-02 1.376849434744811460e-02
9.304859293386361085e-02 1.694538159088699453e-02
