-1.209083444602254177e-02 4.155311544399706986e-02
4.713312646618689900e-03 2.610113562967015730e-02
-1.059394509504964221e-02 1.949927052540511435e-02
-8.774990131273851038e-03 1.703635576708607130e-02
1.920623773570749983e-03 1.454136995558309373e-02
1.556522282908663624e-02 1.427808019258131576e-02
-1.233178835688857576e-02 1.252038457128674433e-02
9.263806968615671475e-03 1.157352577118598951e-02
1.020894390932450269e-02 1.026954885168073102e-02
3.882824302533859073e-02 1.036615839278757015e-02
4.636453530595296968e-02 6.339139833489270369e-03
7.519131348739582776e-02 6.732411663187986076e-03
1.032686579801136151e-01 6.720308034688323752e-03
1.442699425432699134e-01 7.225153202197026267e-03
1.508795048795459059e-01 7.766244121373817519e-03
1.848953082101002787e-01 8.504694908307760745e-03
2.154370287039897580e-01 9.623227731636860294e-03
2.284725380701615183e-01 1.115984018482563123e-02
2.605070259305996561e-01 1.315311941352462211e-02
2.725004770292234757e-01 1.590940507101016102e-02
