4.786908393458132877e-02 4.922590363893339371e-02
1.156347609148124581e-02 3.097077832826112057e-02
-5.503240873947521511e-03 2.403324722675825864e-02
3.416632553247536674e-02 2.001544801209328289e-02
2.129831999718952498e-02 1.801014186902912331e-02
2.023987375498640870e-02 1.459399021211220740e-02
3.201158803216972576e-02 1.510785103148779701e-02
3.461241243317594168e-02 1.306068465749934265e-02
3.110772035275059799e-02 1.222919811677150581e-02
5.357186171073837627e-02 1.196606465055405528e-02
6.212619116043378159e-02 8.223557842215538025e-03
5.414434436529942662e-02 7.863325914009606718e-03
3.598524483587766526e-02 7.392587891347316212e-03
3.301952062718875591e-02 7.817157221947743095e-03
2.310517001832242470e-02 8.241805283958935843e-03
-6.663548216188777858e-03 9.063889900057143720e-03
-1.678179031928314288e-02 9.910176537806306141e-03
-4.532353118211789045e-02 1.287038409308493073e-02
-4.511164345040340196e-02 1.591475225255796488e-02
-7.930767165202150248e-02 1.871067550420503836e-02
