1.133726234317727066e-01 6.552233952715816323e-02
3.154967334784211652e-02 3.968124443764183690e-02
1.843734245747714190e-02 2.802143416291193179e-02
3.027522432860250273e-02 2.544895644594582715e-02
-7.469757374122975267e-03 2.286001154981837091e-02
-2.070033511830432146e-02 2.055978905479521890e-02
-1.148232925813271084e-02 1.852979568845597447e-02
1.024448988340841138e-02 1.629791402863868185e-02
3.035574169988687968e-02 1.660144212858062629e-02
-1.376957947191192327e-02 1.472252589632485828e-02
3.101231189340346653e-03 9.796771486220153674e-03
6.747367074237625370e-03 9.780083387974695952e-03
8.036521751976924768e-03 1.017747726154021558e-02
9.786627390158359613e-03 1.054622073561876754e-02
2.660075099592721509e-02 1.035084497060063599e-02
2.185584903161824979e-02 1.210348561683850799e-02
4.191583881099111147e-02 1.455981714618892822e-02
4.111432166257195792e-02 1.659343146255497572e-02
5.444956946969945616e-02 1.897968404443109436e-02
5.053562361938251229e-02 2.382258540909699615e-02
