5.958479371851444634e-02 4.473036218491138055e-02
-1.634007008514135398e-02 2.683346675885658547e-02
1.013321735046082174e-02 2.068313907188958078e-02
-1.562353240074362652e-02 1.631793847149176982e-02
-1.294116448356948893e-03 1.571933189318610799e-02
4.286280643573899853e-03 1.271828723520469946e-02
5.834876682261746356e-03 1.299118474374673718e-02
-6.270785296577161341e-03 1.195267861115380074e-02
1.329789020775894344e-02 1.161794477162502413e-02
2.006474353280995535e-02 1.070926068893819638e-02
4.764326203661742136e-03 6.666977410614942368e-03
2.823719262934153498e-02 6.637502035878550116e-03
3.623737292542096589e-02 6.867557709329894129e-03
5.742561168629198298e-02 7.340296774681504335e-03
6.768348169037248507e-02 7.852063713098291625e-03
8.829328623728130432e-02 8.759345770885823904e-03
8.964988397776259277e-02 9.889819840102806112e-03
1.036090644405621153e-01 1.145122294724076374e-02
9.714079427739120975e-02 1.378296959942955889e-02
1.047365066346247070e-01 1.654003855879452103e-02
