-2.766998584938228393e-04 9.819165595414092954e-04
4.294505552980701704e-03 7.276519875662153854e-04
1.291966464819683039e-02 8.902976257658702913e-04
1.577847414324654030e-02 9.238066834216753691e-04
1.782014777802837582e-02 1.073278596071899731e-03
1.931714880714481206e-02 1.185638475888066944e-03
1.694724399001228815e-02 1.212762384450462826e-03
1.782501912968413593e-02 1.154798228744904594e-03
1.540945915408496736e-02 1.194775308792472629e-03
1.238035813121234063e-02 1.166450968991418870e-03
9.789645678267318643e-03 9.085536638486434689e-04
3.683417072806183527e-05 9.668666054969262888e-04
-2.000905676826439383e-03 1.313358480818560244e-03
-1.195425624425832008e-02 1.797707285642969515e-03
-1.768038460368604597e-02 2.313084461710566888e-03
-2.844390132660137502e-02 3.038643998905348788e-03
-3.621143038376500173e-02 3.885335742153520674e-03
-4.679732420739014104e-02 4.519240430969936710e-03
-5.800188234829145584e-02 5.578832164540008069e-03
-7.500273612153332548e-02 7.488248073664886990e-03
