1.972465267709964509e-03 7.909319486722964608e-04
-8.267848340603956231e-04 5.053749292477755731e-04
2.793152310261818542e-03 4.904463836361680398e-04
6.303389590303643160e-03 5.859141303879341614e-04
9.916840347485906051e-03 7.457750163150497422e-04
1.431660635453069555e-02 9.031084810178015591e-04
1.897709381934710796e-02 1.190828562329075777e-03
2.284714516417597416e-02 1.373383371281675048e-03
2.635446258563526462e-02 1.598467780317552661e-03
3.223979076982762260e-02 1.874222111249020670e-03
3.750898398753847729e-02 2.100326633640227543e-03
4.475339538970704578e-02 2.623632849648093943e-03
5.293262536782306765e-02 3.162346634209234949e-03
6.115528574065977330e-02 3.541786173958147693e-03
6.760989547112555842e-02 3.951511204315178924e-03
7.831391916754447402e-02 4.668737080382763874e-03
8.228278169352204463e-02 4.868132054033492799e-03
8.696168105059998155e-02 5.800327239823179631e-03
9.336568198770052451e-02 6.211798061509410558e-03
9.892540594054846648e-02 7.332794344539433559e-03
