6.020202605918530407e-05 8.841192199932612888e-04
2.655220533828376637e-05 5.674995650414529262e-04
2.353694081857270019e-03 5.600044986996359627e-04
2.774225558278242167e-03 5.561530863327372775e-04
4.728004708891100395e-03 6.039666902232880812e-04
6.344637923745889869e-03 6.964429493468404222e-04
8.915122490327038671e-03 8.131576872552578102e-04
1.161240527242919478e-02 9.525395434050311187e-04
1.355342485329179281e-02 1.038508767789986806e-03
1.845021198084615191e-02 1.323125848780936460e-03
2.339203207952636476e-02 1.368155792886407594e-03
2.767566044452341584e-02 1.679099539031002428e-03
3.445068692779516828e-02 2.033681477147552229e-03
4.116540306973318075e-02 2.468332817853795269e-03
4.406290632578811067e-02 2.743337971282831713e-03
5.348509225751795632e-02 3.371435664641216079e-03
6.659863547511206405e-02 4.328332712186347062e-03
6.928440967639278025e-02 4.623552092076065045e-03
6.891675073735781254e-02 5.421356866807059728e-03
7.611380137088752384e-02 6.211765248007019603e-03
