-4.271577904778752171e-04 1.219883570808130311e-03
-7.987632499231312041e-04 9.238142659425779791e-04
6.665848239998846576e-03 9.066706296031445131e-04
5.341958335861670890e-03 8.335376054898029075e-04
6.549290108839004795e-03 8.530436803745343249e-04
7.551359953773688176e-03 1.052066144532874106e-03
8.414457395112373561e-03 1.099111948693361120e-03
6.982542988732419291e-03 1.055943951852013818e-03
1.056327711891053532e-02 1.375040416966471883e-03
1.275479907940601544e-02 1.602285441916852238e-03
1.360716346862041355e-02 1.232345995373495141e-03
1.710566860663177008e-02 1.601052033927080707e-03
1.700898899527215208e-02 1.754194515267855446e-03
2.283437950253494955e-02 2.305349368829406193e-03
2.415013148132912763e-02 3.015351375698336472e-03
3.468623557146887498e-02 3.314719680686467954e-03
3.603361135291636985e-02 4.509327759501159487e-03
4.270114260741755124e-02 4.887129134583460301e-03
4.459888880569973929e-02 6.124744322947981399e-03
5.902060656216738532e-02 8.003338181816527577e-03
