2.784222098307774398e-04 8.098096959755499624e-04
3.265881766798599869e-03 5.029225967919966197e-04
1.064274313244360434e-02 6.715200855520490550e-04
1.755368370274877979e-02 8.827678842916540213e-04
2.546734418456031435e-02 1.191664815347543869e-03
3.245968706899197975e-02 1.408004247904845766e-03
3.864130943570258381e-02 1.695579398142017845e-03
4.591558391250761401e-02 2.001589057097105488e-03
5.076225783279682963e-02 2.250668783197299055e-03
5.669827753120566805e-02 2.523568449446590960e-03
6.199095553551860205e-02 2.649182409933437381e-03
6.993902711885827128e-02 2.948854192029342399e-03
7.636600453476997952e-02 3.239685801962800815e-03
8.674660309987045070e-02 3.667673780784451183e-03
8.745518897680713832e-02 3.841437966182531180e-03
9.626140833128600527e-02 4.309650040880869809e-03
1.013399293183145922e-01 4.505437533137126617e-03
1.105683182868409109e-01 5.253107629930638817e-03
1.035082055628156750e-01 5.522549920482008184e-03
1.150053398442723029e-01 6.724990172416810130e-03
