-1.786868601952981597e-04 4.883062517736031644e-03
-2.156999927830899506e-03 2.488572266615248635e-03
2.144461072164652576e-03 2.458272929855366377e-03
-2.220113196121942592e-03 1.862489539955797030e-03
-5.092364183750095917e-04 1.629642090048521313e-03
5.231448895832762659e-03 1.779345532260065334e-03
5.444652279108993208e-03 1.811096844613524839e-03
9.055016142117440145e-03 1.758115409594794044e-03
1.017041755471355911e-02 1.910403025902202229e-03
1.362634197401172906e-02 1.915762794310360865e-03
2.142029045408394214e-02 1.826451630348494524e-03
2.847499510076711982e-02 2.217433781880406331e-03
3.332245105727049683e-02 2.841667032976506052e-03
4.826280539871389413e-02 3.821669921111791636e-03
4.695119204117544076e-02 4.179241175313339572e-03
6.474388705661698884e-02 5.235386935839785733e-03
7.536021252205381271e-02 6.264705454968612017e-03
7.848272193971886357e-02 8.466421377347606303e-03
8.890326964105353669e-02 1.039084177661062265e-02
6.235885951237127300e-02 1.338698478546812565e-02
