-9.043272170848593288e-04 4.082200162522303145e-03
1.744967011763907819e-03 2.621631574557397888e-03
-2.947609289973163334e-04 2.069294161643792703e-03
4.952759997054407941e-03 1.629669541209560063e-03
1.249942390096528584e-02 1.670238824964632735e-03
2.158950089904089487e-02 1.800774689252902360e-03
2.434144216527680052e-02 1.954511960783562440e-03
3.638298003617957549e-02 2.073368589209058192e-03
4.223524814439622022e-02 2.382896885539551642e-03
5.099554548812363503e-02 2.910890803109337024e-03
6.124783582447466956e-02 2.830121321577229801e-03
7.068587927306116403e-02 3.526313920791392022e-03
7.860323392718719659e-02 3.829883027438349408e-03
9.100684631914900125e-02 4.577141107483463818e-03
8.846614546451019023e-02 4.795126016360760218e-03
1.066149647220003410e-01 5.717128668864575845e-03
1.072841941547200556e-01 6.506975685047575002e-03
1.165720036853040015e-01 7.984052456372929193e-03
9.174958075719211181e-02 9.527177004633329699e-03
1.211432369029632611e-01 1.211317510266838281e-02
