8.488925451389668295e-03 6.686042253294798010e-03
2.492639236245882284e-03 4.027903092657226722e-03
1.050408448357533116e-02 3.179165610758594163e-03
6.638907385400563341e-03 2.810778836877320802e-03
6.314476939121645323e-03 2.678500396154602937e-03
4.899427163962244425e-03 2.629999589724329751e-03
5.716918747893046625e-03 2.363209089312180711e-03
4.241355458753732523e-03 2.629937634154868534e-03
1.374751403858403588e-02 2.847456070623912913e-03
1.735202201200079092e-02 3.123002623293982555e-03
1.292112482443417108e-02 2.244430352446179396e-03
1.871270414124168863e-02 2.849383549279780985e-03
1.586719841408054665e-02 3.264335175502109526e-03
2.249320456012171218e-02 4.012475155352938569e-03
2.648295582777840038e-02 5.226701974457364022e-03
3.991029377809048040e-02 6.139346221574052895e-03
4.598876741824375891e-02 8.112883078704126102e-03
4.454425004640568536e-02 1.000076692872894912e-02
4.119103711264310297e-02 1.455826854802626767e-02
6.435570457138117817e-02 1.810115026121134410e-02
