-2.367296794912508663e-04 4.608244437623046363e-03
1.376232857795713820e-03 2.395413905320116499e-03
-3.120479372710926905e-04 2.195207502735646316e-03
4.881262832202208114e-03 1.804174465386034583e-03
3.259274288749169912e-03 1.580581582183271166e-03
7.736674119258451880e-03 1.686520366225050449e-03
1.272705741442665267e-02 1.692195074868453088e-03
1.466807170749508810e-02 1.834937310184213410e-03
1.778693379383189735e-02 1.801141994863783612e-03
2.587557607582840341e-02 2.202599059179774325e-03
3.089940684495978696e-02 2.201164275136589105e-03
4.205903835800570839e-02 2.775849361821857569e-03
5.641115842341543757e-02 3.663845783433326234e-03
6.998120955548313427e-02 3.990235391035074075e-03
7.369741583830749510e-02 5.265154881801702158e-03
8.653455120339945128e-02 6.202731827561591693e-03
9.585069607276054671e-02 7.624361697915508877e-03
9.513778931156982588e-02 8.729271454318713111e-03
1.005655398848718379e-01 1.042211236523425157e-02
1.015497896634873914e-01 1.201303543835388447e-02
