-5.025488412470181321e-04 5.338434039732457316e-03
3.038664872139057969e-03 3.272143024401308591e-03
8.487220835899120935e-03 2.519083004752520945e-03
1.712109018692115070e-02 2.453329877818957467e-03
2.079058834140278672e-02 2.231117578632149049e-03
2.412831611147909366e-02 2.435568690455597578e-03
2.136749560835004072e-02 2.161982027610673523e-03
2.478509448803676088e-02 2.391740398907776007e-03
2.380291132173107532e-02 2.399695867336211832e-03
1.706606481263337610e-02 2.462398954097859069e-03
1.625066034864598719e-02 2.044326745535583745e-03
2.753145956238020869e-03 1.995572457746484091e-03
-4.799744278994951159e-04 2.613752063758013628e-03
-1.577133931482790907e-02 3.205531202585861893e-03
-2.439272622947609437e-02 4.402921618672387370e-03
-3.889970931281530597e-02 5.147985303493582583e-03
-4.550254447020284781e-02 7.125908409742203950e-03
-6.383552094339710326e-02 8.259844369227839836e-03
-8.414908943207785597e-02 1.174260223796420692e-02
-1.123916255862189989e-01 1.608041880817783972e-02
