3.613279887079430368e-04 8.519111484463887628e-04
3.245130040549299745e-03 5.097097508084499256e-04
1.150644854301034227e-02 7.113670586599067603e-04
1.891661094685233996e-02 9.407434263208498942e-04
2.746431934572371447e-02 1.285980275067926705e-03
3.499188930419720733e-02 1.514680873182392296e-03
4.287069981377900074e-02 1.864612233742064416e-03
4.993813608860022540e-02 2.217806249987758910e-03
5.568515486250266017e-02 2.511530088006923896e-03
6.156618901503553565e-02 2.701810418585067451e-03
6.792290854890559171e-02 2.928940672555137119e-03
7.715885908685077288e-02 3.185996079885279782e-03
8.543855844057599014e-02 3.702333127197366715e-03
9.609329672769165165e-02 4.174359052659695063e-03
9.645143679846762685e-02 4.416313080596276884e-03
1.014969954901003280e-01 4.996142473401554360e-03
1.070898489744347148e-01 5.828930736055151253e-03
1.123945098043260815e-01 7.042439534854643378e-03
1.081798257890460163e-01 8.778071238388555561e-03
1.111380658793668236e-01 1.076154346783671917e-02
