4.840961099688439757e-05 8.845328402235271958e-04
1.373581623588152707e-04 5.815968185653876523e-04
2.357385384127610832e-03 5.854090173722507244e-04
3.325394731358652205e-03 6.208848944103050830e-04
5.534954183214680322e-03 6.495760514499719033e-04
6.580878192528396078e-03 7.437025949607672329e-04
1.006490178731034822e-02 8.800809718777233628e-04
1.253890075777934487e-02 1.057704521890750690e-03
1.496916338628239904e-02 1.220583409583390335e-03
2.113401565833613813e-02 1.520008749033841889e-03
2.715962794396133487e-02 1.597171719261040361e-03
3.307368503089584688e-02 2.071700423251222802e-03
4.114921442075925029e-02 2.393366890704809024e-03
4.744602052895961070e-02 3.051259306294932735e-03
5.569523187126007580e-02 3.793823399872441569e-03
6.234258972009529276e-02 4.595286375161179541e-03
7.222543480694008922e-02 6.016788057939697655e-03
8.058835193338684255e-02 7.353918902660832452e-03
7.633453008387977579e-02 8.887334600865395839e-03
9.033440710312004573e-02 1.134186476907393139e-02
