2.050598214877505376e-03 7.788897291947536813e-04
-9.104554726188506409e-04 5.355243718968930597e-04
3.033739048346366981e-03 5.150141742492929994e-04
6.411823246217311818e-03 6.226346765577022791e-04
1.091405305950279847e-02 8.050464693553040967e-04
1.558717914100379853e-02 9.934243356560256734e-04
2.093286339839378271e-02 1.324736486346018982e-03
2.602060231755130848e-02 1.539441062805889729e-03
3.021345317904452002e-02 1.924261889423134345e-03
3.686005286333159103e-02 2.146855122909658176e-03
4.430957696509861543e-02 2.466961365585192481e-03
5.233276637372174384e-02 3.197549165054432412e-03
6.208595471973971103e-02 3.782174747026812497e-03
6.942560326639445056e-02 4.378570516725890406e-03
8.238793071404565405e-02 4.793677632160652478e-03
9.023452586182270641e-02 5.899956765565860309e-03
9.657488059143401471e-02 6.416013230788953844e-03
9.649611079863501528e-02 7.905261893211567442e-03
9.876865255734863791e-02 9.419091958486839472e-03
8.653915580101345650e-02 1.123815002841807575e-02
