-1.340010346080162344e-04 9.988068758548516220e-04
4.368817968059428292e-03 7.398205361828038597e-04
1.331544542142710542e-02 9.020872449137608056e-04
1.588126577080353069e-02 9.368191278651430377e-04
1.750511854843674400e-02 1.118562477453531167e-03
1.872687877994999583e-02 1.196386188707384158e-03
1.627680412164776019e-02 1.296474540693160100e-03
1.558346247349607847e-02 1.207182426582029252e-03
1.293028053767075573e-02 1.283209868368106153e-03
9.853029430606315489e-03 1.312837953782644736e-03
4.502044566360303458e-03 1.033387801523292160e-03
-7.644492395257281893e-03 1.469386342574454524e-03
-1.461797831328824106e-02 1.942898164472504387e-03
-2.675765060367374382e-02 2.898676678956285929e-03
-3.803723208308767978e-02 3.723375470162655024e-03
-5.056616822592872873e-02 5.083041512838801755e-03
-6.511747506102870398e-02 6.834869102847076702e-03
-7.329540659636313293e-02 8.533659000665010444e-03
-7.537745606558023115e-02 9.756334582721352261e-03
-9.821430282677524881e-02 1.295979923183791446e-02
