-9.652548336082720625e-04 1.250098340770665643e-03
-1.002492913247014479e-03 9.511381986701301786e-04
6.448971405286195620e-03 9.171771963578525351e-04
5.242800077802931349e-03 8.647004218424004596e-04
6.551274738903833245e-03 9.073278763888291106e-04
8.073423343628713736e-03 1.119899933363030032e-03
8.917685233637957787e-03 1.205528429422566715e-03
7.954756476424884246e-03 1.165470381118281513e-03
1.025025311879570328e-02 1.523080887606113615e-03
1.306362372920375631e-02 1.815053446132218690e-03
1.509900608004082628e-02 1.454515043940255272e-03
1.954696056166180598e-02 1.990570753997413650e-03
2.140814357309083968e-02 2.382778739190120031e-03
3.017845020766920378e-02 3.269793155516132529e-03
3.647963587398479063e-02 4.573596514511949623e-03
3.196039339119389339e-02 5.015384360699136693e-03
4.294873804536789019e-02 6.821699152863695305e-03
4.318686354155091417e-02 8.630989344129423244e-03
5.019002549277452180e-02 1.154409566013750790e-02
7.294242681055213007e-02 1.574294451457552285e-02
