1.193166079732673607e-02 1.702891574744894165e-02
5.796195714898401191e-04 9.763745855976186522e-03
2.989490099843178025e-03 7.033455304448904544e-03
-5.510152749422595961e-03 6.202642031756641985e-03
-4.042039255927888132e-03 5.302431320783175875e-03
3.275828289444102093e-03 5.402344149948239485e-03
-6.386667076660078844e-03 4.799939589028330914e-03
9.596475695200451170e-03 4.896926861623721386e-03
3.648078719394705609e-03 4.234803574439674305e-03
6.693433215502988219e-03 4.294096100862820550e-03
1.238980451889482200e-03 2.900772376910435400e-03
6.454869487252096324e-04 3.048147599737976044e-03
1.815704916792204235e-02 3.131819835264546860e-03
2.435366264402041500e-02 3.554915871950317142e-03
2.590150616312683965e-02 4.136586633350977822e-03
4.099386006683591877e-02 5.162088042314124867e-03
6.348000045414349535e-02 5.455085436108270298e-03
5.826089018712399259e-02 6.282860604260269780e-03
5.419241470527175891e-02 7.651410485061648815e-03
8.674910088804288488e-02 9.496523609952100750e-03
