4.425876682772103554e-02 2.380148507495227425e-02
7.128355763357740148e-03 1.423360756914446301e-02
3.807788461278598536e-03 1.050443635467054881e-02
-3.967510715628432862e-03 8.806403735034846331e-03
1.193497112759965735e-02 8.570986457955303076e-03
7.380090231383321965e-03 6.676818866163648780e-03
5.456138889841229481e-03 7.608620597841876665e-03
5.532802000816259246e-03 6.540218861416703146e-03
1.462746485491656003e-03 6.362864366945985076e-03
-5.121780085026472230e-03 5.948088913761942660e-03
4.864863002489206410e-03 4.224664880121908883e-03
2.800489042676785906e-03 4.726486616319057650e-03
7.183309778132472220e-03 4.255866881970218722e-03
1.272894557895200111e-02 4.534882463604780062e-03
3.455993929878948233e-03 5.745050001759769223e-03
3.990842160618962575e-02 6.233813925055919393e-03
1.836180814932781430e-02 7.843839390809438650e-03
4.258708278218221316e-02 8.956029677549276133e-03
4.933205786475867993e-02 9.943443406825373462e-03
7.603084850677958861e-02 1.273754867395854827e-02
