-7.262158463461544644e-03 1.543671083024844744e-02
-8.671221490648389763e-03 8.712270110377966573e-03
1.703663766609830529e-03 6.539510743587703678e-03
1.034511649958480897e-02 5.567548018456111927e-03
-1.509234880886296121e-03 5.043270196240743145e-03
2.832478804122395659e-03 4.683487016590763552e-03
-5.055849931905101978e-03 4.518598839374645716e-03
-5.949389664485986440e-03 4.210244668972231916e-03
5.160998994213218671e-03 4.082209825383063817e-03
3.672810240390295220e-03 3.545095506431647763e-03
3.003007368863830785e-03 2.911953465380134280e-03
1.701270408589882280e-02 2.996028308628591839e-03
2.519096515824118671e-02 2.949740005369854909e-03
3.503288593071358231e-02 3.708978466593609163e-03
4.681202545385846486e-02 4.431476442272028193e-03
6.278710710746528145e-02 4.975511199956301686e-03
7.289125375299235210e-02 6.202628835406121845e-03
8.554481177774933554e-02 7.581047192431039465e-03
9.251415623935203836e-02 7.974882255448996135e-03
1.007552110183182886e-01 9.697185680213981154e-03
