-1.720743291767819812e-03 1.594740020124124635e-02
1.547056911281007377e-02 8.484402602087019393e-03
-7.834359376671713726e-03 6.366011188862573562e-03
1.522469726946683007e-03 5.659174812803489767e-03
5.114997075864209479e-03 4.810286710379104921e-03
2.666190448831757490e-03 4.808987212264405516e-03
-1.977871386377725790e-03 4.105449668635329993e-03
9.242999039494012234e-03 3.966446797591032490e-03
8.941061504667053086e-03 3.922059112706230075e-03
2.163020877840500858e-02 3.791533968163292301e-03
2.018730559896054697e-02 2.718950431984574340e-03
3.890893699434438968e-02 3.187046635018786055e-03
4.989265076684476496e-02 3.347894811287073242e-03
6.324594162381856621e-02 3.828515718671727814e-03
7.422470077699207247e-02 4.659337500718753293e-03
8.493274785365127755e-02 5.199726237132327664e-03
1.022341462309374338e-01 5.895613956640319113e-03
1.116774538710969406e-01 6.973915081971457201e-03
1.056670603604741993e-01 8.032756288515820881e-03
1.264013599135084265e-01 9.514369172221304877e-03
