-2.627261207882543304e-02 1.933482722277398216e-02
-5.232034832519854260e-03 1.020610411319596011e-02
1.188535332280575910e-02 8.361439111835277174e-03
-7.059555183888940010e-03 7.171048515903292488e-03
1.250261545780935110e-02 6.013712564697839755e-03
9.674920292025625951e-03 5.745987944536336441e-03
1.124506983185208538e-02 5.114409327552251264e-03
3.323145718992021047e-02 5.780587412483057484e-03
1.727402223400832312e-02 4.990580854333152502e-03
2.897395765189332562e-02 5.334619647471785034e-03
3.248390194068511566e-02 3.839552984778912912e-03
2.767378442528442908e-02 3.507722386042237250e-03
2.752138720196731572e-02 3.708605903324864363e-03
1.448148809533698206e-02 3.689249646863112901e-03
1.291965213168504850e-02 4.576907134021224524e-03
-2.582223263577986937e-03 4.857301656651142815e-03
-1.235398068669856485e-02 5.615598722029381887e-03
-2.436270806351620646e-02 6.773569074775397797e-03
-4.779580233048080773e-02 8.607819527044974564e-03
-6.680091491262570014e-02 1.107732168230701059e-02
