-3.851814555317960992e-02 4.763753070951521479e-02
4.614184356273262969e-03 3.047652536056466577e-02
-1.012821810435190692e-02 2.465737243294794864e-02
1.177572546969290687e-02 1.759089680924338234e-02
-1.425448863034215266e-02 1.706839584905537471e-02
-1.309390742857765091e-02 1.515992618125309999e-02
8.085204694168453970e-03 1.418382437804130598e-02
-6.377972765454843589e-03 1.242211912140612183e-02
9.584132954389331868e-03 1.377170525700545031e-02
-1.351671083657698773e-02 1.306058973736162407e-02
6.087264112257462440e-04 8.316068238997612744e-03
-1.368071256130340245e-03 8.532238337960747210e-03
5.230366397356407508e-03 8.051230684695915782e-03
1.831215732439506541e-02 7.772587076725092498e-03
3.454736416267745192e-02 8.367849680786106428e-03
2.354621295129116429e-02 9.621547652990801447e-03
5.349084950369197705e-02 1.119519126922680942e-02
6.988017181264104261e-02 1.205713593154715373e-02
6.211615751076375591e-02 1.548805844581779140e-02
5.762849515367563652e-02 1.861076275759247431e-02
