-3.075090949932348869e-02 4.924103956634807294e-02
5.293237459309078213e-02 2.797112880613265851e-02
-1.010927546698988820e-03 2.064901190955838184e-02
2.156548517186978112e-02 1.656260599585214141e-02
-1.283401391527981203e-02 1.440805356743867817e-02
-2.135065893814753341e-02 1.375419577384396144e-02
-3.427678969416094248e-03 1.278097077163008882e-02
-4.249569394781501676e-03 1.188904887779907056e-02
1.141121130110862121e-03 1.322730671954805252e-02
1.252824808024616959e-02 1.146929134575917428e-02
1.434266753500024368e-02 7.388972616270002639e-03
3.496530241591610383e-02 7.037558128683714040e-03
2.584329189637836477e-02 7.248851391583577795e-03
6.440993007387690872e-02 7.854042868269352565e-03
8.075287193503695449e-02 8.255684517377509871e-03
8.863351413678847990e-02 8.566252007589007442e-03
8.966272111981322956e-02 9.817501170837692262e-03
1.123619608781909474e-01 1.286278007825714630e-02
1.083264575623373999e-01 1.320587103883141648e-02
1.022958998949805992e-01 1.763973094567521105e-02
