2.631993242636245303e-02 7.683980793875720694e-02
6.745896004649052334e-03 4.360749720644423177e-02
1.760561944346243461e-03 3.685007034782137453e-02
1.113439918671738256e-02 2.711897909433893389e-02
-6.979153778973470022e-03 2.503036933102778874e-02
8.099667029296301127e-03 2.130563066031254671e-02
2.955009911344107926e-02 2.185563701078428733e-02
-3.426079968962371120e-03 1.983653774338638501e-02
3.278119948076859552e-03 1.889313486717288798e-02
-4.893761623195912180e-02 1.947898769860921878e-02
1.483200696371106408e-02 1.215784509023109736e-02
1.484838375132865873e-02 1.143909327150683351e-02
6.638531940751668872e-03 1.094312873811584437e-02
5.871842523778084653e-03 1.162819358175816442e-02
-9.120396994445204367e-03 1.263807494074304164e-02
2.799434395805628847e-02 1.344242354733920369e-02
5.788895723803802462e-02 1.515831923751857595e-02
3.676550921125967125e-02 1.635554577085246084e-02
5.573776163320830201e-02 2.298810854924482339e-02
4.322157657769588185e-02 2.652356390155526447e-02
