-5.018576827859358609e-03 6.158431242650870552e-02
4.800735968325513248e-02 3.254198505648329270e-02
-3.281475724723870169e-02 2.744194856885111972e-02
2.756754737498983213e-02 2.067426823369690123e-02
1.184790792202930314e-02 1.929950329990639049e-02
8.707960179684719193e-03 1.760807192211626473e-02
2.575159408650773418e-02 1.785345207976301099e-02
1.392505743929786481e-02 1.405099830988674851e-02
2.649733065391390863e-02 1.398502562400594576e-02
1.069238015931746853e-02 1.443987207181162205e-02
4.175139998301580224e-02 1.016215441671371351e-02
3.564695494945047810e-02 9.202030951531960795e-03
4.264470718400634186e-02 8.688650127177973900e-03
3.576986815285799343e-02 9.172846533759165463e-03
2.666669658206824792e-02 9.629298599602837544e-03
3.201317132112649778e-03 1.017536889589674975e-02
4.807120665004585049e-03 1.160335673032346013e-02
-3.208258812568780954e-02 1.401272400783051125e-02
-2.790667241801544213e-02 1.759396830183715399e-02
-5.772147897903202873e-02 2.029977766314632753e-02
