6.859822840372306260e-03 5.105878348128656957e-02
-4.715460142766696172e-02 2.721549561255010019e-02
-2.689869637612563730e-02 2.065648124099365296e-02
-4.963370023373761195e-03 1.600477925693332554e-02
1.676513670921078725e-02 1.689918142054892478e-02
1.728088805337752235e-02 1.428600174301212535e-02
1.389926592861492373e-02 1.318469335588999536e-02
-2.875062587977344607e-03 1.250657552076980469e-02
7.114886885443940832e-05 1.070138891249621839e-02
-7.311821749114120160e-03 1.082037884373917604e-02
-2.229257515411219893e-03 7.931589846900767571e-03
8.797039592955580023e-03 7.436268759459328977e-03
2.005927022101622326e-02 7.242648980166167816e-03
3.940570208860558199e-02 7.948596424662472334e-03
3.208021814875017252e-02 8.057536617182942465e-03
7.064517379437086630e-02 9.910009530818877574e-03
3.831368947962043858e-02 1.007355735250540021e-02
5.733226552653723773e-02 1.125394737784492401e-02
7.273338626131355122e-02 1.583900820346902799e-02
9.734445076825502807e-02 1.798020956519904082e-02
