3.532594086336784088e-03 5.840648671897553934e-02
6.991402497884194323e-02 4.113385585645602111e-02
-1.422111786695357850e-02 3.082842412292281786e-02
1.846678957346183439e-02 2.790336906931583164e-02
1.593208422586487108e-03 2.216363477158174444e-02
8.713189197238447453e-03 2.128929091362162865e-02
6.284244395509795515e-03 1.986391718305540940e-02
7.063317777850921207e-04 1.721136161725260114e-02
-1.746994417614909298e-02 1.860953641980506168e-02
2.808421702296975964e-03 1.541624105775991037e-02
3.808221507992292417e-03 9.808107565712145468e-03
1.869151154775237217e-02 1.026990180693471318e-02
1.244136269787492330e-03 9.837675243360804317e-03
3.782904839683039200e-02 9.542911764295818750e-03
5.119818721614144419e-02 1.090957433410262231e-02
4.901019581380339912e-02 1.287420354939251659e-02
6.214423536469294157e-02 1.289590558352636876e-02
5.068767573647026126e-02 1.478731847061169960e-02
8.182536574738814850e-02 1.834245157600274817e-02
1.147726713072156901e-01 2.209618076073275109e-02
