4.862728180762618257e-02 8.319193411508959968e-02
-5.753281681334022034e-03 5.121885008067478956e-02
-2.053601369866299084e-02 3.669334363695994639e-02
-2.016747137755524159e-03 3.337767573027768803e-02
6.483373808817689647e-03 2.854191547677284793e-02
3.866776078891905749e-02 2.635149765902220290e-02
-7.831697281255151424e-03 2.403718049526808176e-02
8.357448943438375993e-03 2.206721206236470986e-02
1.560419134392556674e-02 2.123398475273558308e-02
-2.942594893859148356e-03 1.907686773551454593e-02
2.294261929445690074e-02 1.262542361156692057e-02
3.447542362326574267e-02 1.296023839427319288e-02
4.023291790784195437e-02 1.215173617761973468e-02
4.264866249361441014e-02 1.284196626997976230e-02
1.825628434397091535e-02 1.466178432667673490e-02
1.114430341648906019e-03 1.399746846626368120e-02
-8.714788709735684508e-03 1.554722991880082804e-02
-4.208775737037993847e-02 1.986143974548635477e-02
-4.727798219495051024e-02 2.202384210614342572e-02
9.527393964000879442e-03 2.670550213037101162e-02
