6.576004522616919756e-02 7.653989232376519347e-02
2.641294952873352031e-02 4.421444226390760374e-02
4.947366973555119250e-03 3.130469779013803772e-02
4.846815058174147595e-02 3.223588966871553108e-02
1.662548050561341029e-02 2.280605278376707928e-02
1.682836616685217876e-02 2.341462765057500395e-02
2.323610557406702304e-02 2.207604469228982569e-02
-1.622035353785175604e-02 1.930947018382182453e-02
2.530765778799845198e-02 2.024043072800665172e-02
-6.913678819491904382e-03 1.835580735112422174e-02
-1.540004471355036972e-02 1.145642907266693211e-02
-6.729175900334287592e-03 1.132625235887149695e-02
2.035083694195508747e-02 1.128698532654900250e-02
9.694913965193610247e-03 1.138966720367274275e-02
3.785374362674331222e-02 1.110040729728845911e-02
4.106700508367819302e-02 1.328270969575489832e-02
4.950809381937479325e-02 1.418587083509782569e-02
5.406038099874819342e-02 1.726484075170544447e-02
9.029512214825562155e-02 2.047180774535745443e-02
3.596666756118536284e-02 2.202122892881876529e-02
