-4.213753370195384707e-02 6.878717022456963537e-02
3.665881681000774522e-02 3.661360365204028439e-02
-7.949769088707120401e-03 2.901110567398095322e-02
-6.478248175933175312e-02 2.650821962274239885e-02
9.205978710321355632e-03 2.242667268748723547e-02
1.494389158047838839e-02 2.037864019671059915e-02
-1.283178513873313963e-02 1.929993508083658119e-02
1.503356636107672402e-02 1.620103636718525641e-02
1.620956316465585120e-02 1.740220322725207977e-02
1.269185651923707137e-02 1.548859752968809352e-02
1.021174641733281138e-02 9.787644578458067762e-03
1.757920557979058065e-02 1.001185781332737147e-02
4.931689826097639118e-02 9.883045769559620913e-03
6.525945702932807457e-02 9.701797270205085588e-03
6.026122370139837259e-02 1.115947133608301972e-02
7.969846573055831829e-02 1.137276135514497452e-02
6.457100936170234728e-02 1.389488581929301456e-02
9.555148246777915577e-02 1.546227608867055750e-02
1.011984831768237419e-01 1.811715120216231267e-02
9.159197234027571799e-02 1.919280199885909852e-02
