7.295841932911578676e-02 8.440462121987955812e-02
-4.845202122115054716e-02 6.335676828550709794e-02
-1.331723817584498475e-02 5.044624504192869036e-02
6.629183134092653078e-03 4.477386615041076962e-02
-4.546121692181085555e-02 3.839036339962601657e-02
-4.091359817126002940e-02 3.573419124148106280e-02
1.702879713903461198e-02 3.088210590906021250e-02
-4.700037244698272720e-02 2.901621188988328867e-02
3.740002977533385398e-02 2.881519459311426140e-02
1.093759821773097711e-02 2.337095860766726790e-02
-1.788870560086532752e-02 1.655170507195356105e-02
-7.609365571398429319e-03 1.675100072548187102e-02
9.363116457889715180e-03 1.473314642025440151e-02
9.104071194473551884e-03 1.581802200300911829e-02
1.325985802929637025e-02 1.669168248944257610e-02
2.055303159912528002e-02 1.804119664879822935e-02
3.771846155730679967e-02 2.063708715448534653e-02
7.633244086774592686e-03 2.425729635903495218e-02
3.634826682173147167e-02 2.668826584226832721e-02
2.499535450340042292e-02 3.231911282191293755e-02
