8.632945262130247788e-04 5.284934081384113020e-04
1.071435229754447160e-02 4.418718201996775291e-04
2.903348155272115344e-02 8.180644914499264012e-04
4.807477244040023190e-02 1.287976567108287118e-03
6.640123379393705894e-02 1.740717853879822016e-03
8.304798647792020760e-02 2.169331203192363146e-03
9.730351107893148166e-02 2.531061713484569417e-03
1.108855080129259457e-01 2.892606515671039547e-03
1.235213471925478423e-01 3.208219297484869639e-03
1.343155101240085525e-01 3.515457954568387920e-03
1.476164706739116761e-01 3.834414660760647551e-03
1.648269705951130870e-01 4.295149376984827745e-03
1.772788640545974737e-01 4.651089943738719729e-03
1.879742904049065966e-01 5.057835513481571607e-03
1.973428430302655301e-01 5.351701995402231501e-03
2.040389423017962278e-01 5.769958305197684344e-03
2.093879607687384459e-01 6.486057482422374551e-03
2.229795739195587212e-01 7.365903796002576387e-03
2.179977600521573189e-01 7.874237094776163556e-03
2.223957156195361939e-01 9.463393747712498319e-03
