3.037191866609798962e-04 5.402616776749669201e-04
7.725924575102225290e-04 3.591982810829438930e-04
4.718090288752222090e-03 3.431087281015661353e-04
8.628057073666187474e-03 4.736009619019552965e-04
1.451242528564166030e-02 6.162990248139792702e-04
1.988781433695821499e-02 8.026061857679299893e-04
2.486859355207373182e-02 9.793609038995464405e-04
2.884598069794756803e-02 1.170791193974142757e-03
3.302946490435844373e-02 1.332112305071590048e-03
3.718717334294942972e-02 1.463888264931930772e-03
4.120392268471705088e-02 1.613369271538118510e-03
4.664246056349621861e-02 1.946851703778390910e-03
5.391713210504785192e-02 2.307664909316610793e-03
5.723390075579481290e-02 2.663707136129978784e-03
6.030223037752550225e-02 2.939333704174118024e-03
6.203657657155185051e-02 3.410931917631772944e-03
6.226899819523507712e-02 4.035321163083035491e-03
6.012580929567875460e-02 4.647651990058307078e-03
6.499143625391248791e-02 6.058184380858025984e-03
6.154028120957919651e-02 7.938267895697855014e-03
