-6.264792987396705778e-04 1.328547072852552568e-03
1.495242309483139995e-03 8.872851813078604620e-04
1.072979049262917130e-02 8.420175539188006104e-04
9.521367153188912275e-03 8.672149612049763392e-04
1.262909882531763721e-02 9.695479001815550217e-04
1.206208712194970119e-02 1.060221530251043241e-03
1.251588527996000053e-02 1.185125127546340657e-03
1.439948070947697813e-02 1.278661677018675877e-03
1.600169347887486077e-02 1.526543029362589180e-03
1.380587051949158477e-02 1.621183393054649157e-03
1.763564982791080912e-02 1.395489412247920454e-03
1.768661906764521299e-02 1.906206515781651897e-03
2.097520968405639646e-02 2.480351124320878675e-03
2.534634728698424364e-02 3.319592638266450225e-03
3.217351399913204874e-02 4.189145617746122506e-03
2.821101538120334914e-02 5.679925997199293357e-03
1.899344914193495243e-02 6.956191774170496396e-03
2.312460057613253961e-02 9.794706056623216778e-03
2.786860758388565520e-02 1.265497570624446455e-02
5.896714916701792548e-03 1.936812583848803587e-02
