6.631961318015207720e-04 6.024066909685138428e-04
4.686530918424422075e-04 4.138058538140808513e-04
3.267719567571378877e-03 3.958551387164320826e-04
5.696807891581883755e-03 4.090278319537849557e-04
7.072027110352685150e-03 4.746000781636530025e-04
1.047226029016569415e-02 5.769666566050877295e-04
1.369945195328630370e-02 7.494230111884774828e-04
1.576864586780390987e-02 8.550012853062025813e-04
1.954797634570804021e-02 1.065463309617318763e-03
2.352143701157715858e-02 1.281555968057470751e-03
2.711596671662045571e-02 1.346358180339861507e-03
3.151698454963614004e-02 1.660484635778336493e-03
3.615572119016692565e-02 1.896705057818632743e-03
3.980075708407578711e-02 2.265551467439914663e-03
4.463349899200518694e-02 2.752477956485067500e-03
4.239789701181583687e-02 3.128741384094277204e-03
4.987096661863560376e-02 3.854138505070080819e-03
5.447352270007385644e-02 5.335947246665021480e-03
4.103230415761899286e-02 6.199981750891165461e-03
5.774510643616572597e-02 8.020431485266241861e-03
