3.765414943661514729e-03 6.151075182452480847e-04
1.103035355912974740e-02 6.413151855696545270e-04
2.193513596847431607e-02 9.588891043653960866e-04
2.528200904407603561e-02 1.082722167064884868e-03
2.559442407226917779e-02 1.138727106147941967e-03
2.438583300981279553e-02 1.073343358860014444e-03
2.074542928573638520e-02 9.368628328346734072e-04
1.756328979342826682e-02 9.775716159279921984e-04
1.022830205266250445e-02 7.648768968718012724e-04
5.288766233412910828e-03 7.496970080152692362e-04
-4.017309124698466988e-03 7.377946505736148949e-04
-1.768297754712526773e-02 1.235811769067680053e-03
-3.230268795291209305e-02 1.879930809114836038e-03
-4.699684446290316314e-02 2.505806228479687172e-03
-6.713734538595797496e-02 3.478828026441193200e-03
-8.248868271919033990e-02 4.300535635565137273e-03
-1.058790218005650763e-01 5.440188522700029408e-03
-1.073730983504548597e-01 7.028008553125547619e-03
-1.301733809093255922e-01 8.357700481756186184e-03
-1.592486250697895955e-01 1.076773868352834569e-02
