-1.986546978701949837e-03 2.634864208875191231e-03
-4.586984828910599344e-04 1.749088588875465740e-03
6.074750676809860398e-04 1.238796080596898204e-03
5.155969001490462097e-03 1.163749467186894152e-03
5.710775826763376042e-03 1.048301480945423424e-03
8.578841669385248864e-03 1.201971024794266495e-03
1.226674916226357624e-02 1.259009454237301371e-03
1.534584575025531132e-02 1.319945929941527315e-03
1.874886560964692320e-02 1.561514214932855108e-03
2.163372099376416335e-02 1.687227633225912371e-03
2.678271586291417622e-02 1.678849744641343865e-03
3.100614694914220759e-02 2.151697029475386699e-03
3.477679503886185741e-02 2.550650497701004767e-03
3.765559216514438590e-02 3.462860754395303935e-03
3.311574442724221634e-02 4.006792255062151427e-03
2.968546660848198071e-02 5.442617304667228366e-03
1.789906490548489812e-02 7.596451704648847676e-03
2.324010885301473067e-02 1.134712975197502312e-02
-2.098718823530817956e-02 1.473651507099764217e-02
1.066974537862266275e-03 2.234321471792997948e-02
