3.659394303109865174e-03 6.320239606432993297e-03
-1.780737712556436500e-03 3.607304587801897847e-03
8.427413061492363203e-03 2.915381335993002393e-03
6.794410491694949372e-03 2.577077311987174910e-03
1.212757136789812534e-02 2.634934614548326958e-03
1.079669933273596887e-02 2.582789144770903430e-03
1.335384148867852644e-02 2.634312198668705817e-03
1.694733161242529401e-02 2.840877648582334006e-03
1.480460660329139047e-02 3.026815907705919517e-03
1.388765831640463751e-02 3.307773494543786094e-03
1.550865242351882195e-02 2.719485393061677175e-03
1.583557718971937214e-02 3.716485698875710616e-03
2.164474798999615687e-02 4.571468471089687631e-03
1.950197645286222067e-02 6.964238461130992097e-03
2.424447548352391332e-02 9.335913823249839330e-03
2.033827285239710875e-02 1.242371376354882428e-02
6.141759082782791146e-03 1.750375796634198733e-02
1.203438077095674019e-02 2.365932104995447857e-02
-1.744730589620302127e-03 3.596639334266273774e-02
-6.275013756120839670e-02 4.913467800041021460e-02
