1.350847532925032041e-02 2.898888455730065736e-03
1.809127765916290070e-02 1.827328441475414194e-03
3.342307533508961925e-02 1.918656561555653027e-03
3.513443897118870979e-02 1.837554789114819202e-03
3.633794848195899541e-02 1.855390754536628004e-03
3.663436203955817289e-02 1.944072182613656866e-03
3.075049438869411830e-02 1.718076686891809078e-03
2.726608888639421580e-02 1.788701967923629231e-03
1.607686521783404862e-02 1.584808250320193226e-03
1.065473828247200973e-02 1.580448787621209061e-03
-2.775319292495763987e-04 1.258242903310479712e-03
-1.696711202038419380e-02 1.920861299212067285e-03
-3.828223440896334068e-02 2.708756426267991922e-03
-4.963950730302790076e-02 3.652384185666377944e-03
-8.328355739835618943e-02 5.204636138249649907e-03
-9.673210834689247029e-02 6.772892678233720896e-03
-1.323419495926549672e-01 8.712675653853866470e-03
-1.095039645641966430e-01 1.255156953025155474e-02
-1.401414540965809086e-01 1.620614481326899253e-02
-1.905953028567466678e-01 2.476672444826918257e-02
