-3.503556586370277538e-03 2.420023730058771996e-03
5.216964503887345193e-03 1.479456040476070499e-03
1.880928231843512211e-02 1.248070849664124427e-03
3.484969304588018263e-02 1.358269766558172246e-03
5.295161409533227087e-02 1.707678876612026475e-03
7.209967738101080714e-02 2.188975488917017237e-03
8.802312676499293720e-02 2.535480225075249349e-03
1.042422867871164865e-01 2.954921000106159983e-03
1.189366207855279828e-01 3.270638731116616658e-03
1.303899291632525104e-01 3.541037707738861357e-03
1.494189530246590458e-01 3.951730572627929969e-03
1.652031045748170168e-01 4.401342941405875925e-03
1.794659922721411338e-01 5.017757413652429443e-03
1.913855303951238207e-01 5.551263354989571450e-03
1.888774020624863215e-01 5.814853745442652086e-03
1.944939272362576077e-01 6.956468962482706755e-03
1.807854600248762211e-01 8.384329617768209245e-03
1.951976991022537355e-01 1.083208513278615358e-02
1.793974203591971461e-01 1.408789366082571076e-02
1.736611467596654579e-01 1.970341745521604279e-02
