1.873625129658043056e-03 2.608766923187998913e-03
2.847482492651039242e-04 1.346947714216403065e-03
4.874595979090756183e-03 1.231968239597576540e-03
5.550216168076968319e-03 1.104327448152714157e-03
1.296282434915699278e-02 1.140282811504296544e-03
1.897990885402223160e-02 1.291940765725194508e-03
2.261728690317281812e-02 1.346388132069687013e-03
3.015150903579672317e-02 1.566365960226756516e-03
3.278224225924850077e-02 1.739781338196710577e-03
3.617364858428268742e-02 1.886864154919404594e-03
4.180441378137156327e-02 1.939160863934731365e-03
4.616795350125368902e-02 2.414853007158677522e-03
5.142581774296307862e-02 2.747040057622681872e-03
5.187068103140807934e-02 3.337416856979394733e-03
4.757433643460914907e-02 4.010172717136831905e-03
4.451088226048810492e-02 5.297019919276836110e-03
4.054062836159728206e-02 7.485358784829297153e-03
4.502022420577102974e-02 1.031473736342810275e-02
7.021165643954171975e-02 1.439399459537829030e-02
3.912766494327261230e-02 2.005556619095472115e-02
