2.080912339821208528e-04 5.512156165387373545e-04
8.182511997823227207e-04 3.711962576069995491e-04
4.599037266530638969e-03 3.603162340576079956e-04
9.168006026351880125e-03 5.051096457251699539e-04
1.503929684711737512e-02 6.524590691276062901e-04
2.055312197600839275e-02 8.440944637078270051e-04
2.620329065922247236e-02 1.046422260680346860e-03
2.974107516883409477e-02 1.234275871053530909e-03
3.447160378803910269e-02 1.445370536756627935e-03
3.884288823228877058e-02 1.608474488019734578e-03
4.237215154376447468e-02 1.730341327403706617e-03
4.566857616924627911e-02 2.034176048526170014e-03
5.025487172017271964e-02 2.490723126345070933e-03
5.183767505564941536e-02 2.943283112020535740e-03
4.974404122717207555e-02 3.495466243129261540e-03
4.774242620468305276e-02 4.535195072081265114e-03
3.726271799178833277e-02 5.932755299374617604e-03
2.968015643354695449e-02 7.728809775907369284e-03
2.329385801800033448e-02 1.188249604339268635e-02
3.928141610360762204e-02 1.775395452091862655e-02
