3.228768357360948041e-03 6.231252750676696860e-04
1.049600420458866000e-02 6.408689147469615044e-04
2.081697991585828092e-02 9.230837183276280637e-04
2.368424863156160312e-02 1.025511029976131170e-03
2.320568982203162836e-02 1.065565336287848351e-03
2.063561407619117494e-02 9.539036938977341713e-04
1.613000153501290349e-02 8.157196885843592512e-04
1.122568164256727147e-02 8.567573454554793097e-04
2.926147540175423091e-03 8.049373321789727318e-04
-3.705867732089592349e-03 9.912293653144786925e-04
-1.653360342082611789e-02 1.165576698030521170e-03
-3.355587449959761964e-02 1.940838979823695555e-03
-5.210196031426023167e-02 2.925426201164850904e-03
-7.039541440306355813e-02 3.771557496627297480e-03
-9.194689415060056104e-02 5.056537612067622117e-03
-1.124339044931072923e-01 6.627248657545281758e-03
-1.354027141779264587e-01 8.803251813705149920e-03
-1.305334467768600182e-01 1.149230547019795476e-02
-1.534984920920490770e-01 1.521951052263482464e-02
-1.779546205787495561e-01 2.108093258067106346e-02
