-8.714449427601698170e-04 1.391754898266588537e-03
1.657478479292742203e-03 9.131137913086113120e-04
1.111241903348362398e-02 8.717657173823413963e-04
9.787203760847318704e-03 9.230975247520993056e-04
1.290710771050930343e-02 1.052798709048707307e-03
1.244754285614424472e-02 1.174460585215201603e-03
1.238679419241429068e-02 1.384919428761671430e-03
1.483974928779442995e-02 1.524079690054238592e-03
1.781795266521512405e-02 1.806159867341515773e-03
1.395204833354672831e-02 1.976760349108002638e-03
1.880685162162202759e-02 1.847194435638046606e-03
1.884874606050464946e-02 2.564610966763853153e-03
2.191001754603734419e-02 3.487944844364760603e-03
1.315951511880960635e-02 4.786889419544186619e-03
2.240072647786930590e-02 6.962461402037270312e-03
2.210773197409000163e-02 9.924732801623667097e-03
1.069831278885585192e-02 1.345300609001941032e-02
-1.813850931250909210e-02 2.180341297274984366e-02
5.246152840527119193e-02 2.851474249963369817e-02
2.550904587862154807e-02 4.172479293272154249e-02
