1.122696829355675349e-03 5.393453514720077417e-04
1.118426650097240592e-02 4.577263670633637416e-04
3.023332751600221052e-02 8.475932360809285701e-04
5.041523856294985451e-02 1.353411948799167815e-03
6.985337495400552321e-02 1.825512500070589159e-03
8.776400354856710162e-02 2.285241735641680740e-03
1.030669791851292622e-01 2.671219231452678488e-03
1.176699435889468903e-01 3.056294765774877301e-03
1.307408829060191791e-01 3.392592473522186569e-03
1.431850175630050570e-01 3.752740310601115209e-03
1.556548381083641408e-01 4.059261597640763906e-03
1.727317233616197378e-01 4.571985555099344727e-03
1.832900837131074823e-01 4.934987241750389726e-03
1.866001192121835850e-01 5.333459672286940123e-03
1.870411243018657854e-01 5.689499773406438490e-03
1.858569975078042946e-01 6.530670945990071571e-03
1.846883367323625680e-01 7.909352245101251497e-03
1.956259089398036666e-01 9.998244578256999457e-03
1.706101878147537887e-01 1.219449945760497402e-02
1.851576715548132468e-01 1.756181154424572843e-02
