7.830319525948374344e-04 6.208856266775011814e-04
5.722553306718642686e-04 4.266003692760507796e-04
3.475894408245888689e-03 4.132799478365195697e-04
5.760293766219322029e-03 4.294874627542170963e-04
7.350870963027913291e-03 5.138063008053587099e-04
1.103952193041114749e-02 6.356040303425227736e-04
1.475146666866460586e-02 8.206879946017957370e-04
1.674096597575315537e-02 9.799482180805015909e-04
2.090670459393718927e-02 1.169751616780188245e-03
2.551954647276863039e-02 1.455559544293622909e-03
2.864739377928420330e-02 1.525063396076387946e-03
3.274508693609796961e-02 1.867162883478878498e-03
3.448107011334805572e-02 2.244505239741079790e-03
3.491646746414647784e-02 2.643907679942005939e-03
3.000496984004912340e-02 3.370297932110420495e-03
2.846993601185728723e-02 4.770053646720665529e-03
2.750470398354832799e-02 6.411722093988860872e-03
2.620099285268619183e-02 9.286837012904159555e-03
1.006432442663455877e-02 1.303277493571775719e-02
1.410075631406016881e-03 1.879969130805717384e-02
