-6.589270115920226913e-03 1.984858865218742247e-02
-1.538782640241140526e-03 1.108679496870060809e-02
-5.360713130278490710e-03 8.961010626439743984e-03
1.917888088331872604e-02 7.416170283805711277e-03
7.573494319880852768e-03 6.747177838353071028e-03
1.353576952030488903e-02 6.031336153343615572e-03
8.865418513124442151e-03 5.571127788409699876e-03
1.577183695250014908e-03 5.655160647447565400e-03
3.725328802497039279e-03 5.586225281448183554e-03
1.281710037795639676e-02 5.399453383158263169e-03
1.871538869931311383e-02 4.232362517127789305e-03
1.882258388132614785e-02 4.928975376393126238e-03
1.885472495653849404e-02 5.290615499149638537e-03
3.712384782233794922e-02 6.650119092245325436e-03
4.809233849737035160e-02 8.164146626134377582e-03
2.600546380598515311e-02 1.034051903188391505e-02
3.562383886465829430e-02 1.298951634524253551e-02
5.450472754813338178e-02 1.697412833829103906e-02
4.372911438844426235e-02 2.244251990286411438e-02
5.202450961084430746e-03 3.330913822606645924e-02
