1.801645560959711781e-03 8.231831328170537837e-03
-3.244418968383414471e-03 5.038435529471071116e-03
1.228753912906756229e-02 3.509960637787615158e-03
2.535736596115106736e-03 3.112059797281963892e-03
6.393545349290000179e-03 2.766070788483840966e-03
1.013414348233568352e-02 2.639216959825961550e-03
1.185978360005419951e-02 2.583270646724645115e-03
1.486673811613420729e-02 2.537581236519819480e-03
2.046754429408368173e-02 2.409637913599700296e-03
3.098967911978897996e-02 2.437221167573945871e-03
3.733823623585977997e-02 2.228907718710487415e-03
5.098978150183753472e-02 2.632379130693747720e-03
6.453793779670188857e-02 3.323962227967761172e-03
7.019925925898867769e-02 3.860993916181974100e-03
7.982487963777021300e-02 4.391254047539031556e-03
7.901271587828692655e-02 4.959636298057715567e-03
8.351199490714014684e-02 6.463759949303842477e-03
7.022440565742843477e-02 7.384365209747529614e-03
7.209753504422695969e-02 1.032284125546071088e-02
6.055316891304914073e-02 1.350425687820440077e-02
