6.635938157563110208e-03 9.665411264386384801e-03
-9.747393912128875931e-03 4.993131427768440940e-03
3.299914335205088659e-03 3.944855415392731213e-03
5.470485338447767833e-03 3.422132804627970627e-03
2.594953793352148402e-03 2.922624667581245460e-03
8.204905617829440570e-03 3.001526878548201657e-03
2.856468831503723108e-03 2.632963959272394475e-03
5.563351711195461263e-03 2.628386922925424803e-03
1.171421039805550443e-02 2.607460874283439728e-03
1.736758650430209397e-02 2.917550070997314456e-03
2.197550663020826286e-02 2.095636900999009889e-03
3.004602262975926072e-02 2.435837635798233664e-03
4.101240886801992003e-02 2.964469278612310698e-03
4.888989722525561438e-02 3.736080233907781295e-03
6.175647120441053045e-02 4.505952147886071145e-03
5.433405004232101654e-02 5.015691159243144785e-03
7.092834742147119398e-02 6.489343945517494876e-03
7.127285722339125884e-02 8.777826395277979477e-03
6.038288405084293181e-02 1.147067556287199863e-02
1.056479933314052599e-01 1.524402595335144425e-02
