1.191024296309404693e-02 9.367220803008538890e-03
2.208939169622249274e-02 5.527498766333100756e-03
3.126709828937802860e-02 4.590312012123127193e-03
4.340098713934852775e-02 4.065491290687345792e-03
4.802304925949598541e-02 3.799587997448279891e-03
5.362375404932848144e-02 3.778189648448635439e-03
5.723548003779606319e-02 3.649729368570013045e-03
5.767437831140092425e-02 3.912382355937623832e-03
5.246636307991407733e-02 3.266620954469470935e-03
4.362989424824927770e-02 3.169716886262461363e-03
3.695434589538039438e-02 2.499267041982771321e-03
1.669655368176249655e-02 2.264852861671459803e-03
-2.180697034174795042e-03 2.437538426193813258e-03
-2.567611696277095554e-02 3.046182252289986354e-03
-4.446755431440702760e-02 3.963382167144548739e-03
-6.818033764007520869e-02 5.436123834183102972e-03
-8.866561079792967259e-02 6.941049788488324462e-03
-1.011273454710007597e-01 9.524677975047935244e-03
-1.346217947163073914e-01 1.288765645684028689e-02
-1.601029692194561316e-01 1.485212257938350010e-02
