6.457840289184358382e-04 8.348882154531297659e-03
-5.325889812739071673e-03 4.326544028895183865e-03
4.019271010702690078e-03 3.568172543602211519e-03
9.588824055368760924e-03 2.865589291993216482e-03
2.239722754390348000e-02 2.683216533007494464e-03
2.483205748923083753e-02 2.574349877895404023e-03
4.305267129784709490e-02 2.704346308318531563e-03
5.588199264746781386e-02 2.698135532346043058e-03
7.898574418250053908e-02 3.257576349855457413e-03
9.389809046902974909e-02 3.630455979929548844e-03
1.149972853492524094e-01 3.699017988463814896e-03
1.494669992711138706e-01 4.394370474642700884e-03
1.710570448851464198e-01 4.759143197209493928e-03
1.907608778109984859e-01 5.539992181960108966e-03
2.133040891786599225e-01 6.214945135664303073e-03
2.255655751554261901e-01 6.886597032593604409e-03
2.341200760028591676e-01 7.944195236316311387e-03
2.453470143691477701e-01 9.502685650294695127e-03
2.429040837322326007e-01 1.125160910961134526e-02
2.682089062536954227e-01 1.423023327958247014e-02
