7.693694471374055294e-03 2.999770658060301950e-02
2.766872160511104142e-02 1.693810655039871063e-02
2.475940461709457904e-02 1.232216764776850743e-02
5.731524558267952693e-03 1.076291428477790281e-02
1.103572365259366736e-02 1.005994522881772935e-02
5.122801053624426691e-03 9.156940340640497278e-03
-3.224400148723720501e-03 8.029169295150954955e-03
-5.318743148316497880e-03 7.508381672499612157e-03
1.898563160179857559e-02 7.175433986460688467e-03
8.806541893230716150e-03 7.039255049384217540e-03
2.407516345506928446e-02 4.868106945878682319e-03
3.027422609287230490e-02 5.455433974488901015e-03
3.737996474263049346e-02 6.012592807705465642e-03
4.266619854234397075e-02 6.734490319006685745e-03
6.689380497349113608e-02 8.332094831422675457e-03
6.931514532251688288e-02 9.315620762322195103e-03
7.721269264755022121e-02 1.314689864701680186e-02
9.600333013646110414e-02 1.486806872588615491e-02
6.855625801281070575e-02 1.986947566793827863e-02
7.903637028123847164e-02 2.444374826227006109e-02
