7.381421087350054089e-02 6.895411167621898207e-02
6.788645505154475290e-02 3.744746919117553779e-02
3.102299899876998293e-02 2.805764442203303663e-02
-2.099200622061327473e-02 2.431117451424432210e-02
1.344285842662269748e-02 2.210154279366238067e-02
1.769008883227800007e-03 1.888708799897839338e-02
2.336125435951436763e-02 1.684937320766985089e-02
-7.476047512099328642e-03 1.657286937919131772e-02
1.640391697616953859e-02 1.661115945495249963e-02
3.589710699851512542e-03 1.562482116203000107e-02
2.199078360276351604e-02 1.136115989628406001e-02
1.803316355449383415e-02 1.126608626078722496e-02
2.032120639833331910e-02 1.193629190646016205e-02
3.977453388037371224e-02 1.445900238562388557e-02
4.636643434253184121e-02 1.607392913908209375e-02
6.950230513947289190e-02 2.075005354958709899e-02
1.410851533018076670e-02 2.548744563145623546e-02
5.993189084604652606e-02 3.519188049658283218e-02
1.917029594048591870e-02 4.328164548769771608e-02
8.003689233734123665e-02 5.570170407545984442e-02
