-2.783263609517586459e-02 2.654203019723988879e-02
1.123068596192262208e-02 1.603306272379309214e-02
9.021468758982933295e-03 1.147848636461435909e-02
2.165428033065623648e-02 9.592190350237960600e-03
3.097181775557701286e-02 8.683905694011548326e-03
1.336859814054820045e-02 7.666539219728366571e-03
3.451876140260011494e-02 7.239770007290209641e-03
4.897060036981951830e-02 6.945096546034762973e-03
7.162142359560089155e-02 6.569055747071750676e-03
6.777456768829405453e-02 6.655789894987138716e-03
1.038412525886959620e-01 5.449735713146989201e-03
1.381028873922368616e-01 5.790594383626821752e-03
1.537226262762594331e-01 6.545659098864374699e-03
1.814432918192667998e-01 7.310300840096780814e-03
2.094573181277765150e-01 8.520946860933697325e-03
2.241884838049361395e-01 9.082261075669029529e-03
2.290566064664734391e-01 1.219378932816850454e-02
2.458565347575921434e-01 1.427578876603024724e-02
2.537144776517645806e-01 1.636665493176495817e-02
2.499892850144979362e-01 2.201441497178546411e-02
