-5.990469499824101164e-04 3.134206770479487647e-02
3.371657892759615666e-02 1.765252630128548786e-02
2.031199509008664583e-02 1.253421009850138462e-02
5.876022622171450660e-02 1.084393345768415624e-02
4.268394795881493703e-02 9.921249302034735804e-03
5.447603685288825159e-02 9.674136456349917770e-03
4.349153065921298328e-02 8.695437245950303831e-03
6.653069126082013229e-02 7.940623265446760878e-03
6.204639275564710621e-02 8.171451400759904143e-03
5.957510755949958076e-02 7.517006598012884559e-03
5.741147261285564629e-02 5.583582283291760838e-03
3.269983421997640916e-02 5.724970640867968301e-03
2.077167021940787978e-02 5.757069582011924841e-03
1.475949102845183596e-02 6.459808644867699214e-03
-3.088950859776770988e-02 7.226214403687274482e-03
-3.917245980235529307e-02 9.340687246330485818e-03
-8.281147493985717423e-02 1.185134203794870576e-02
-1.016812460426923664e-01 1.622332051732661498e-02
-9.791578261951618123e-02 1.895867404431349559e-02
-1.485007038381885025e-01 2.501655288008194575e-02
