-2.050768315434808517e-02 2.834481269745383128e-02
1.386882447500265882e-02 1.603766676327864765e-02
1.948323601593892132e-02 1.166411547735631687e-02
-1.902788401221586212e-02 9.959531999761437465e-03
-1.516380502070757480e-04 9.340228822083648449e-03
-1.577639535014885947e-03 8.744667990768726848e-03
1.523509413792508045e-02 7.255774987866131336e-03
1.789399938033824425e-02 6.270561064995483838e-03
3.525483070776316841e-02 6.557182794629985885e-03
2.204676704144061319e-02 6.119287879657398302e-03
2.797919489385368788e-02 4.718052800740820361e-03
4.965333053989273715e-02 4.785663204786424693e-03
6.049857982760454417e-02 5.417808816711625064e-03
5.909620236583228159e-02 6.289049784310048880e-03
8.236830227593584797e-02 8.050455045414095859e-03
9.425109602880579751e-02 8.916444488389687131e-03
8.873164738849655120e-02 1.052026230696277709e-02
7.015331326743114160e-02 1.429741443906582671e-02
8.340809446615532474e-02 1.750127213145209748e-02
8.365605244955198749e-02 2.260145126763825341e-02
