-1.380662486316438370e-02 4.039951617004994278e-02
-3.718206961805980613e-04 2.251857845211049577e-02
7.364550383452654267e-03 1.742735512864674458e-02
7.351520815345078189e-03 1.447530591516718763e-02
-8.026011602195678302e-03 1.284865150689127634e-02
1.166048267847852489e-02 1.147416437335014618e-02
5.559100532892952834e-03 1.075955313007019923e-02
1.270011557990181374e-02 1.048983809087839641e-02
1.457049055014695768e-02 9.768628840475765060e-03
2.938293727599661578e-02 8.686495671730853907e-03
3.121237279399978123e-02 6.767349040342199827e-03
4.691461205796193523e-02 6.275372157802542282e-03
5.804944600039779051e-02 6.992206670700063138e-03
6.640606805913111532e-02 8.376915924557283566e-03
6.584378958951855876e-02 9.024186061197338876e-03
8.329839836322308622e-02 1.132366584519067104e-02
7.700468156621577409e-02 1.377707535089219178e-02
8.622863949922816851e-02 1.691817058766430584e-02
5.451952159093036154e-02 1.942270173973113107e-02
1.424078282640683923e-01 2.539936019238145729e-02
