-1.568907919821598690e-02 8.986385216931434827e-02
6.948484887757772066e-02 5.569495389637303673e-02
-2.532046792650876829e-02 4.188392906697122053e-02
1.170130579600096518e-02 3.831477882601913576e-02
-3.223724856987211524e-03 3.071738290405668509e-02
-3.392310936938777027e-02 2.949311191913014593e-02
1.612283579553507734e-02 2.606312559224725420e-02
2.901232865085319034e-03 2.366905425072745456e-02
-5.055116818000859012e-03 2.343278207545615791e-02
-3.321751403369428961e-03 2.397269471680681802e-02
1.018624229050646944e-02 1.551310765350055396e-02
-5.170463516214362414e-04 1.535601335962254350e-02
2.582671810896215378e-02 1.525432386083359730e-02
7.893089026300556532e-02 1.832704380619303713e-02
3.732877431720030975e-02 2.162451204947659841e-02
3.213212278902595476e-02 2.647050834558158788e-02
-9.093820445795042229e-03 3.323066904294274398e-02
-7.329242100374538244e-03 4.334360069736208076e-02
2.018760994857465851e-02 4.969730955744146306e-02
-3.216589776084003566e-02 6.134145091333659955e-02
