-1.174913963644126993e-02 3.589902852188540938e-02
6.825792391378257724e-03 2.205360276174858983e-02
2.162673096892434380e-02 1.690228347581943652e-02
-5.296743094525210166e-03 1.453569441987987397e-02
2.658615581553214896e-02 1.255646016182227973e-02
3.065995606323601921e-02 1.098063315689497450e-02
3.333985152774354699e-02 1.071354650138675244e-02
5.162502387290760636e-02 1.014733066398170597e-02
6.612454642797242765e-02 9.425629477699410882e-03
8.004352005082258914e-02 9.184537645460202210e-03
1.010517129063653735e-01 6.833953038615517284e-03
1.226628489642127423e-01 7.233331681513179186e-03
1.521140910862639195e-01 7.665570872437714109e-03
1.830454265290545890e-01 8.734314732257738786e-03
2.109471698322092081e-01 1.005771047820900981e-02
2.064291384937358143e-01 1.207117420546270289e-02
2.463065481456276351e-01 1.427478663567055203e-02
2.567825651963663303e-01 1.712997153309272699e-02
2.575737512507093596e-01 2.079251888124568001e-02
2.247920014467224281e-01 2.427300658882353829e-02
