7.511373497628333513e-03 4.133689069771761398e-02
-8.685870472071866022e-03 2.466876642180455825e-02
3.094204455515802213e-02 1.925466444587250331e-02
5.855823017896785027e-02 1.725007027364493933e-02
5.993192760256388363e-02 1.525755459260083775e-02
5.466788521787123434e-02 1.231689213440258744e-02
5.494842313606664724e-02 1.288118362819348599e-02
7.371516673135204700e-02 1.104384999016423674e-02
6.474661155494941533e-02 1.074552059284017598e-02
6.114277508819277590e-02 1.026725605655038308e-02
5.661426013459772144e-02 7.054745835167084214e-03
4.501149938961110375e-02 7.589285813866870033e-03
3.298749694802758509e-02 7.676520335740299322e-03
-8.095638632398030263e-03 8.232724578703000742e-03
-2.513487533902852150e-02 9.604777410055565998e-03
-3.115410461980677378e-02 1.210391708950353008e-02
-3.431406208329908919e-02 1.487176933742704113e-02
-1.080498494146275440e-01 1.932114970461536185e-02
-9.966394444604975700e-02 2.196523768121284512e-02
-1.162513675271761443e-01 2.786676213495765941e-02
