-2.902407685431302245e-02 3.940402762225886368e-02
8.202329083622875508e-03 2.345144322086056138e-02
2.885916228473268952e-02 2.057362998849556271e-02
1.918815893894892238e-02 1.702793563809564328e-02
1.926504234734421547e-02 1.448787383365339985e-02
-1.425888579518932303e-02 1.295862753600227936e-02
-1.106410941182702987e-02 1.167437836738298602e-02
7.481464847256920174e-03 1.097451245600896547e-02
-7.748520083532613179e-03 1.089198383619157870e-02
1.115045390187557189e-02 1.019979862676096381e-02
1.349483640811741103e-02 7.255087326100270392e-03
2.725653482200533426e-02 7.512793654956782634e-03
4.519982614566921131e-02 8.036123448964746507e-03
5.019056736660837403e-02 9.175079478063842900e-03
7.211348038860516951e-02 1.036124811637245506e-02
4.054308746675718000e-02 1.222866244074785613e-02
7.854164219312180506e-02 1.456383373484235189e-02
6.820764186692039599e-02 1.795512635527975534e-02
6.965164247093354188e-02 2.192065666787060968e-02
6.577208283148104628e-02 2.786437950209701489e-02
