1.597422735365763976e-03 6.173032841154361830e-04
9.186161886296635021e-03 5.547014127355365037e-04
1.994876629853136948e-02 8.210127982026418740e-04
2.397786533362757794e-02 9.664453164491247378e-04
2.588536238069788498e-02 1.037223974139100426e-03
2.470461942265520308e-02 1.005688194239199402e-03
2.233787717047240953e-02 9.482276661606208606e-04
1.814652170794458716e-02 8.194789467498218806e-04
1.427095493406165851e-02 7.735212984799168853e-04
7.478687870815853810e-03 7.628356189229919693e-04
7.100527110898700086e-04 6.318694745057030311e-04
-1.148668015099209294e-02 1.002242609155832090e-03
-2.783831171027380258e-02 1.465521061245777341e-03
-4.352979199762787438e-02 2.155451094570447462e-03
-6.047493100263053034e-02 2.872344195647150589e-03
-7.634910246593434868e-02 3.656015734562449802e-03
-9.696116020470131602e-02 4.685084132772819598e-03
-1.126426262792279420e-01 6.030234513104629733e-03
-1.314965093505731097e-01 7.264020754418074391e-03
-1.469598734396682649e-01 8.784789237248607358e-03
