-4.050022110677892542e-03 1.970433961635232982e-03
3.549564305314333338e-04 1.315003901986219357e-03
1.626754932250848440e-02 1.282492905731280218e-03
1.850126906498764101e-02 1.335197284752360136e-03
1.762825168782957905e-02 1.567710653228510933e-03
2.091975783478033923e-02 1.536721340127452035e-03
1.855365682998789262e-02 1.865221574013829981e-03
1.668908523187494913e-02 1.995266939410879261e-03
1.598871468485394548e-02 2.175975591857129410e-03
2.042871001725001662e-02 2.464290972724211999e-03
2.058862727427241204e-02 2.091255101735864288e-03
2.317436019745485951e-02 2.812233714611073795e-03
2.155467704589058078e-02 3.605881720287574393e-03
2.602728015085221253e-02 4.650532491033119303e-03
1.872471978400075399e-02 6.052802573428378054e-03
2.072454517964553850e-02 7.521451319290269749e-03
3.800080433447244194e-02 1.001469109391844511e-02
2.431795347574606733e-02 1.324796755278255002e-02
2.837189087832413595e-02 1.857597980488123746e-02
3.042357429632003285e-02 2.367009936739423656e-02
