-9.493132280037473074e-05 5.349920945726115455e-04
-1.041084350590512712e-04 3.647961218455040319e-04
2.972382290710190705e-03 3.689342276195583625e-04
5.697796424467576303e-03 3.929333750750503237e-04
9.348719701754831454e-03 4.885610365641171720e-04
1.406303630120714528e-02 6.454573363882377913e-04
1.814716439137657733e-02 8.130278445771793724e-04
2.285353390445578683e-02 9.764562696964583120e-04
2.714821222367084022e-02 1.132867825858456566e-03
3.046177735783976367e-02 1.294813180718244749e-03
3.584061654398446733e-02 1.434944909284978105e-03
4.223765227626611468e-02 1.727651495993218688e-03
5.062172508898993284e-02 2.166874252158130371e-03
5.615715311352492689e-02 2.493183974047286349e-03
5.935143667609899670e-02 2.830450470045475179e-03
6.428677311475432254e-02 3.304635793136379701e-03
6.512036362696421721e-02 3.932508364109002855e-03
6.706305321879062198e-02 4.480310183071182714e-03
7.726865762456376630e-02 5.762176062634738472e-03
6.897275734897752308e-02 7.188900806757016031e-03
