9.108462119878516297e-04 6.555992337046525091e-04
1.050868179458224589e-04 4.790706798122082682e-04
3.188847296148777238e-03 4.327765418742585222e-04
4.765290851944032832e-03 4.570182141827821946e-04
6.162044967049163172e-03 5.293376198373264891e-04
8.491012895294013443e-03 5.713765385930171491e-04
9.824627279022519338e-03 6.940320525675305408e-04
1.242188324247572861e-02 8.038722697192066764e-04
1.484903334210944080e-02 9.302466043412160922e-04
1.610033398259467022e-02 1.042984263627044512e-03
1.985947688678128126e-02 1.137764783554022106e-03
2.531045715069711946e-02 1.462323138619413222e-03
3.315415146921507628e-02 1.992482825210088477e-03
3.575039216886571891e-02 2.226824421701484574e-03
4.118512691444462664e-02 2.795675854686663526e-03
4.823628943245023004e-02 3.607213235325376979e-03
5.578955234696984095e-02 4.347052802041423414e-03
4.835689997659566031e-02 5.015684581381253324e-03
4.906316926368885917e-02 6.065278055893295536e-03
4.926802689052073997e-02 8.353222900708211565e-03
