5.325867664031273081e-04 4.959285488407347677e-04
7.213458635456053945e-03 3.915030904380387535e-04
2.268424063647065184e-02 6.624864311839954089e-04
3.975434652138144093e-02 1.052218504141921081e-03
5.602143294360230341e-02 1.486463750193048675e-03
7.224048339795270668e-02 1.887377598717395084e-03
8.506424505001358716e-02 2.184097920193639897e-03
9.881692491295901437e-02 2.563864121687954318e-03
1.096949057344571155e-01 2.892931767537855383e-03
1.199990998721729429e-01 3.105947628755862441e-03
1.340083800992665219e-01 3.482498089926136953e-03
1.508506065557334852e-01 3.999153046082175485e-03
1.655310532217800223e-01 4.328606701054789341e-03
1.790746651869024042e-01 4.813588951751539280e-03
1.897749783944438773e-01 5.141996235623610273e-03
2.024152762394246796e-01 5.581475377827002995e-03
2.096106147750837201e-01 6.196630765379879113e-03
2.189897326873127548e-01 6.765707135589951737e-03
2.224513931876056227e-01 7.513672445651774917e-03
2.267246531669875609e-01 8.972769505927871009e-03
