-1.472755707115776160e-03 2.609191670057750025e-03
-6.002566692335206721e-04 1.487492390433057610e-03
4.236843818671551243e-03 1.238848659589751166e-03
5.786605504773300636e-03 1.110705361213562342e-03
1.005849011232862709e-02 1.031507234934910585e-03
1.661229140658568304e-02 1.114832507058135993e-03
2.086657283820269118e-02 1.328432038628032897e-03
2.381987636982573972e-02 1.429570092635520364e-03
2.877323228251068080e-02 1.681229335963161601e-03
3.099406739953395468e-02 1.770209703029671606e-03
3.541692481809591980e-02 1.752056956422930320e-03
4.189801843491498812e-02 2.114189723044091439e-03
4.829327586357293201e-02 2.586346670637252546e-03
4.701956002675356655e-02 2.972244564648488310e-03
4.941646529190845544e-02 3.972018712358210517e-03
6.126384875920967005e-02 5.236192231670390093e-03
5.417693341521567091e-02 6.916991701082920822e-03
5.402113822616654015e-02 8.693732789079642795e-03
8.853100496804836017e-02 1.251382991074950247e-02
6.101433160048837928e-02 1.616360502411526290e-02
