9.365648348056473255e-03 2.761806026957104847e-03
2.236950228027417831e-02 1.872136154605136575e-03
3.021646906496331872e-02 1.724024076999835977e-03
3.276936452017594620e-02 1.775650163431905307e-03
3.618608765062168720e-02 1.869976991307835488e-03
3.463734479079783046e-02 1.741444778170594997e-03
3.165014692782072703e-02 1.622509798431884037e-03
2.434552199102787279e-02 1.478536622945856270e-03
1.861275620517146429e-02 1.419134856115276608e-03
1.080993949679926597e-02 1.610896477960607190e-03
9.309302074912755237e-04 1.319558677711674946e-03
-1.458250851421654358e-02 1.790292706906238592e-03
-3.195510559146200885e-02 2.375098503924379188e-03
-5.035448364722069914e-02 3.336767892383588497e-03
-7.033582463259009654e-02 4.705440629752366544e-03
-9.153197632780146753e-02 5.927357481308339823e-03
-9.977090815664881041e-02 7.780365086066874138e-03
-1.220243536454727329e-01 1.050664641907796994e-02
-1.644935701201098166e-01 1.389745092213495563e-02
-1.395312185407425465e-01 1.799510930973129141e-02
