1.115021806076004103e-02 9.383665376233925326e-03
-2.772467685225337222e-03 5.141896538514694609e-03
1.225880674050431815e-02 4.014072405093490475e-03
1.752202872655399257e-02 3.983369026077905953e-03
1.397685306089699667e-02 3.534873737018813609e-03
2.196017445409351870e-02 3.879722020548624379e-03
1.831246944499999307e-02 4.134689230763400995e-03
1.847584227176246596e-02 4.221588455984144617e-03
2.054518963697464159e-02 4.576926964705203132e-03
1.733157598069643215e-02 4.855485177138758185e-03
1.849369439536647716e-02 3.817365132142337518e-03
1.726246748730642100e-02 5.339410372973783965e-03
2.390114883215466168e-02 7.420662357666340733e-03
2.393869128227774437e-02 9.921033840388835887e-03
1.268697708175321910e-02 1.222180230368861802e-02
2.861335170321214691e-02 1.625854105070386260e-02
5.871672867870603163e-02 2.329775236757802501e-02
3.297598982491128927e-02 2.897046931316912127e-02
4.513449834861982951e-02 4.233030960679692173e-02
2.262338387871960267e-03 5.772842096736766765e-02
