-3.940953836123442221e-06 3.179896214180507729e-03
-4.618965361385059948e-03 1.716764842327893814e-03
9.492206164105936516e-04 1.462047226615937126e-03
2.379612351527136960e-03 1.309415367982130415e-03
7.185080792098412841e-03 1.288793334895695260e-03
8.246740357770955890e-03 1.350691659599713825e-03
8.458666524908028603e-03 1.367540121547942706e-03
1.295378284705160643e-02 1.481756627468665656e-03
1.413971324071458709e-02 1.692312943416478472e-03
1.362472598168030548e-02 1.728320492489505544e-03
2.084288762051027602e-02 1.684443150495060519e-03
2.594154573691238169e-02 2.121747891303456604e-03
3.056591214209524940e-02 2.946594778655910879e-03
3.158182333427731608e-02 3.330996186626461811e-03
3.253224662134151374e-02 4.299627874182802845e-03
4.794360470706753724e-02 6.087749452634030889e-03
4.809855511064617395e-02 7.884408712390213528e-03
4.949869589376238582e-02 1.067104336132196525e-02
2.922593953214421350e-02 1.495847134250611644e-02
2.868592244767694324e-02 1.820426895684163979e-02
