1.232127488933235007e-03 2.349404992291970629e-03
7.261167746692684041e-03 1.363064231974021358e-03
1.786137440961682935e-02 1.214133255101090261e-03
3.285028920834472121e-02 1.314389604768948470e-03
4.895927951562006192e-02 1.659904346521379323e-03
6.752987342231131507e-02 2.019324105459956598e-03
8.052521757382338774e-02 2.237418272507453801e-03
9.610532567659116343e-02 2.636790238635282509e-03
1.111915459080782959e-01 3.080495645813469477e-03
1.208044901580733743e-01 3.249278281590689110e-03
1.358643506999920036e-01 3.670920690725945450e-03
1.503140795745960268e-01 4.062619104041669330e-03
1.648463209069772895e-01 4.577592748886536236e-03
1.784957650703528631e-01 5.148348919843278443e-03
1.816982583085694491e-01 5.646751654767781861e-03
1.955919199911314021e-01 6.726457579386761580e-03
2.021340203103978994e-01 8.214844061831549221e-03
2.026713084203491666e-01 9.821731706737212367e-03
1.996392618673814290e-01 1.226235649231151130e-02
2.114277729826651575e-01 1.643572777019271236e-02
