-5.400774345731568243e-05 5.547634134174892623e-04
-1.598561634319444190e-05 3.786255419875664274e-04
2.857102402062601347e-03 3.937996838324083035e-04
5.720729749333168350e-03 4.223494417986982971e-04
9.372813029388242512e-03 5.221358204936340413e-04
1.385001992449440625e-02 7.010330285338354454e-04
1.780079656261981252e-02 8.545466983340709900e-04
2.309502120077066081e-02 1.054576219201674601e-03
2.678814033978264147e-02 1.183133357758508857e-03
3.071843217197454262e-02 1.390177883232131349e-03
3.487422781330948990e-02 1.515154294751057656e-03
4.026695532875299022e-02 1.857192738966380622e-03
4.740940401580003016e-02 2.373594779541987956e-03
4.993384911269869997e-02 2.848293159705321455e-03
5.334713808818556530e-02 3.476810638503375489e-03
5.638606269445177455e-02 4.209853999955088730e-03
4.843273158493925645e-02 5.665698231001004177e-03
5.016084671024408081e-02 7.018405613533619872e-03
5.801207926831711964e-02 1.076960689534678731e-02
5.379822266015796967e-02 1.349118596525557268e-02
