5.219524609453086213e-04 5.026513713802211814e-04
7.294236217110811049e-03 4.006823937019979472e-04
2.347981369102123198e-02 6.789088570062166289e-04
4.134950035685847070e-02 1.099033213417595139e-03
5.853738608168215785e-02 1.544595856660511577e-03
7.540571161043818638e-02 1.956954929096125020e-03
8.937878044867167415e-02 2.303249948102903746e-03
1.037493149387515440e-01 2.706583828586605397e-03
1.146764180249940368e-01 3.039553329135388608e-03
1.263505530061221072e-01 3.300036413830865524e-03
1.400110413262365683e-01 3.653931184032190548e-03
1.565351609807321409e-01 4.210192813004781306e-03
1.695674762427220872e-01 4.551810862233130264e-03
1.777791846261368158e-01 5.049964091753899285e-03
1.874168319644193281e-01 5.508275497948173123e-03
1.935062787898868819e-01 6.145046543219478442e-03
1.969662010624570470e-01 7.212222260961646293e-03
2.069058264729802255e-01 8.614038117149466420e-03
2.113740122422405332e-01 1.117011548010223183e-02
2.215154935292195926e-01 1.407629630264181989e-02
