-5.074952639503825524e-03 2.023742008034857751e-03
4.128152785670741631e-04 1.365540055420939912e-03
1.663844658962940898e-02 1.361335303782085183e-03
1.888781964243534464e-02 1.409845321546299851e-03
1.873282628138468395e-02 1.747369322761190523e-03
2.093679878313882067e-02 1.697811747552733282e-03
1.947344048913079995e-02 2.051624621574360714e-03
1.595687837366234832e-02 2.319099955615796377e-03
1.411471029372815718e-02 2.540839261704031307e-03
2.258091306642255602e-02 3.046632548231683647e-03
2.432857238358436883e-02 2.796471486178980781e-03
2.796633883601206544e-02 3.972898020853871462e-03
2.412599800970941649e-02 5.436827316100502523e-03
2.570501845079828374e-02 6.956892510934075541e-03
1.563246391268163782e-02 1.023827824142704672e-02
1.244936453956165499e-02 1.359304562911758593e-02
2.568938306619686016e-02 1.802238448993422407e-02
2.181144725921967814e-02 2.512038101874989118e-02
3.806294049973839994e-02 3.818557423516174415e-02
6.313724861561569035e-02 4.865548434796847233e-02
