1.170169558055696038e-03 6.312734900292901611e-04
8.231507340366681774e-03 5.372715217635053121e-04
1.878906679677950012e-02 7.844147378587284234e-04
2.237387664440126586e-02 9.186133153537641340e-04
2.315071752891571105e-02 9.431865088693470968e-04
2.081672193002808216e-02 8.952386976760125801e-04
1.663934543763749899e-02 8.488749489285312430e-04
1.167216644391287986e-02 7.534980525006030553e-04
5.974597912485565300e-03 8.031097411274402183e-04
-2.510030188103237313e-03 8.912330123013936919e-04
-1.117139323276662537e-02 9.438967505095759852e-04
-2.631898787926559638e-02 1.595720442821515692e-03
-4.608284189513261325e-02 2.292977980760931098e-03
-6.171902241203429396e-02 3.228477902351035034e-03
-7.868277604824985838e-02 4.198620142246842039e-03
-9.577075583817366844e-02 5.411742527071381099e-03
-1.173829750923768983e-01 7.129852400031196427e-03
-1.284381466976618202e-01 1.018234005013049677e-02
-1.326483189632041426e-01 1.224136740156342093e-02
-1.622462607443789229e-01 1.578233272133676771e-02
