1.018652648683984882e-03 6.766538733068049516e-04
4.327847874673452599e-04 4.853925350486110115e-04
3.452562331000241271e-03 4.605253174496643604e-04
5.231562531576170599e-03 4.946328293728272010e-04
6.182046957073388492e-03 5.794129608223386445e-04
8.808392772609682786e-03 6.362627289436929108e-04
1.061095210508346612e-02 7.960195334857944095e-04
1.262622602374271867e-02 9.154725354312214609e-04
1.586253074906665561e-02 1.059500016702479355e-03
1.745776920593018061e-02 1.189983407897383764e-03
1.923462073763116537e-02 1.297107230508900196e-03
2.537645112015230256e-02 1.814113826480848396e-03
3.149867985676129550e-02 2.261524162191294249e-03
3.416408964696772410e-02 2.851668967631257150e-03
3.778477227736724148e-02 3.579268921685515269e-03
3.925817303198500530e-02 4.939104891457238473e-03
4.475402322483509193e-02 6.211136609660479133e-03
2.338655944286335137e-02 9.403805546504183377e-03
4.110628922128925500e-02 1.217064842116791050e-02
4.841861664216907946e-02 1.772652079862474875e-02
