-2.123986887123549550e-03 9.735998514830293896e-03
-5.306076388458114482e-03 5.631490642344371550e-03
-2.859537732433599985e-03 4.167254221555150538e-03
-7.965708399858730925e-04 3.607379043944878520e-03
2.792199048975059776e-04 3.081097998686244902e-03
3.257773915245807360e-03 2.984095591219668685e-03
1.377886455089970957e-03 2.846039544066487036e-03
9.786519291737086346e-03 2.778554052974046944e-03
9.557542586796164211e-03 2.671563354308350950e-03
1.351331892639349129e-02 2.758733908659045768e-03
1.951734038174345043e-02 2.212570874849377044e-03
2.292346195808163747e-02 2.446336490192757389e-03
3.800111284661491368e-02 3.062286158381029213e-03
4.254764017841670964e-02 3.691589804518661654e-03
5.065297265436704416e-02 4.600413661184995021e-03
5.577577556111854018e-02 5.576127512385242041e-03
6.305331762436985898e-02 7.084126662829607658e-03
6.194738512698955146e-02 8.876694490680708816e-03
6.089194289864025694e-02 1.164772242659895853e-02
4.759473928765700634e-02 1.593742494944075036e-02
