1.221653852923471496e-03 8.684835881002222688e-03
1.031689327142225505e-02 5.111679259121294783e-03
2.956558824118265746e-02 4.191940820980712135e-03
4.367868170328154109e-02 3.667711892200439545e-03
5.466409590347326430e-02 3.541216421259857534e-03
5.773617392762912109e-02 3.648604744243374130e-03
6.451604752385110830e-02 3.573389687315205784e-03
5.869369801402798265e-02 3.244506874840626456e-03
5.654263595715070673e-02 3.125201070613956283e-03
4.649012005628604810e-02 3.250182999958835684e-03
3.616352827391396130e-02 2.249076288927960576e-03
1.875502064677598071e-02 2.090239930365637207e-03
-1.937344224294681918e-03 2.244763294338914233e-03
-2.454645390914825948e-02 2.887727498875742888e-03
-5.148550694342657330e-02 3.727145714449455177e-03
-6.467528620448788346e-02 4.756016923080249453e-03
-8.882250385596425490e-02 6.050237273460930959e-03
-1.115160305860196932e-01 8.631719691548613016e-03
-1.234479845887946486e-01 1.044449968989191735e-02
-1.471823424110400014e-01 1.432085545289678470e-02
