-3.393026324283330165e-03 8.033543219269535449e-03
-4.891985365539443936e-03 4.408657487743387199e-03
-1.295300301706673630e-03 3.144922925435097560e-03
1.042700000453442542e-02 2.913198326598430248e-03
1.860445339074239673e-02 2.546450238670869542e-03
3.156880279192757904e-02 2.753672619896563745e-03
4.365764172506259033e-02 2.627049376488515501e-03
6.264353630771017645e-02 2.809440197839330709e-03
7.450284868118306481e-02 3.067891196851011294e-03
8.871217935673852972e-02 3.281579848865577402e-03
1.135291890548278670e-01 3.427425852502817040e-03
1.418089904031465676e-01 4.212694753280045445e-03
1.620065283978125159e-01 4.670281531421916973e-03
1.856694389979990645e-01 5.429811223272757587e-03
1.987830102704172819e-01 5.935995546101253094e-03
2.148720917148169429e-01 6.542994755876697065e-03
2.282928764298744195e-01 7.512466824378952017e-03
2.322206942994519685e-01 8.666604640087262335e-03
2.376922901835291091e-01 1.027868874435751076e-02
2.360121501688440260e-01 1.314974562883741531e-02
