5.313445850525327224e-03 8.154599828319763696e-03
-4.155937344263099971e-03 4.826255849645104054e-03
4.361649031876332731e-03 3.735608310590490463e-03
3.748019642315826398e-03 2.903474833967511007e-03
6.391193342348119345e-03 2.745163793098760394e-03
7.705553084614982957e-03 2.492837054157312233e-03
1.368694825318150614e-02 2.248623728298581974e-03
1.902180423003644108e-02 2.465990446171625189e-03
2.353313958096688724e-02 2.287756012704447901e-03
2.974684993807115777e-02 2.533355041159159136e-03
3.953534348022776784e-02 2.076506803416888237e-03
4.857274930878632824e-02 2.454519062023456741e-03
5.732265608679755486e-02 3.006785399015826123e-03
7.002035617077091711e-02 3.548141037908034232e-03
7.209180320743992232e-02 4.055367194820854587e-03
7.489768781798679387e-02 4.996880405521530837e-03
7.654845031898681318e-02 5.919678549162446686e-03
7.675116426535286140e-02 7.684279575658685239e-03
8.097646209701818421e-02 9.655110846498995633e-03
8.042024004243292223e-02 1.324973871244236948e-02
