4.355414537102380440e-02 3.133361407116860148e-02
8.429367775276211394e-03 1.685390296036671717e-02
1.055167747098223301e-02 1.308889300673411749e-02
6.050277949104212495e-03 1.019949508421622540e-02
1.704612588250196048e-03 9.654050523673197645e-03
1.791907249623159171e-02 9.315152219008155515e-03
3.427061874854208951e-03 8.363486115699200057e-03
1.301437242768509889e-02 8.321112794006584740e-03
1.638318760533909527e-02 8.061494401842960594e-03
1.143945906112573893e-02 7.897372886803059530e-03
1.116423261033310313e-02 5.888311295013676921e-03
1.515316846723744650e-02 6.551593176047742877e-03
2.747779205669181185e-02 7.548575586312947054e-03
1.917744249619814448e-02 9.733929466607576034e-03
3.632898612832940327e-02 1.139937421219520963e-02
2.977441129866221017e-02 1.416243299788007629e-02
4.206632430251909527e-02 1.878254618940728218e-02
5.218214840279809807e-02 2.546508626820156301e-02
3.631231704917769337e-02 3.446080455420344468e-02
1.863982896114814783e-02 4.455675225300176345e-02
