-2.611746539191757421e-02 3.174438320679826703e-02
3.000667864893909187e-02 1.930853636065592988e-02
4.456148881259128225e-03 1.426841618247116916e-02
-1.485440398544430468e-02 1.172142445663626464e-02
-1.655408429728788544e-02 1.072486835332135680e-02
-1.069853058774494596e-02 9.370500827947563297e-03
5.245132915050985944e-03 8.631429942865901164e-03
5.273720133228475965e-03 7.301999226080023615e-03
3.330248241274376842e-03 8.024906180935546113e-03
2.314386250228387190e-02 7.045400294472568999e-03
2.669172297270594810e-02 5.395310131950675596e-03
2.668355379989136023e-02 5.573727086932931882e-03
4.143119316590802848e-02 6.136348405091352626e-03
3.105569899522140839e-02 6.459010324828680719e-03
3.835272287327659568e-02 8.552395448232807604e-03
4.815739278179290844e-02 1.042501718472583182e-02
7.617254357134305154e-02 1.295203805978398931e-02
5.088949957295385573e-02 1.672987468741367681e-02
2.777463560299405984e-02 2.025025390253954935e-02
6.656174504274814385e-02 2.799732900489327464e-02
