-3.207380657709090442e-03 2.427637932113238181e-02
-1.874738194748249353e-03 1.483752204818932635e-02
-4.585843293277064997e-03 1.091714768040894304e-02
1.083406457187134804e-02 9.025584573368113095e-03
2.260224409606216914e-02 7.974674261743166376e-03
2.423801358649563947e-02 7.398247177552657629e-03
3.772067684312150476e-02 6.809568916132487798e-03
4.867361898595317510e-02 6.578348437729111126e-03
6.424780888011948077e-02 6.135840355748063864e-03
7.038505186385835000e-02 5.884216430053248494e-03
9.966461651728317217e-02 5.059632827593781371e-03
1.320961534090557277e-01 5.433438852379634393e-03
1.544133171030564744e-01 6.242351655136159014e-03
1.761050467980163348e-01 6.860728117423220418e-03
1.826843075858354537e-01 7.291984558752987941e-03
2.108824992988337088e-01 9.150226179504311608e-03
2.155557984869911348e-01 1.088682614838629679e-02
2.366290412303641566e-01 1.288958642255831101e-02
2.135212788856959976e-01 1.640825773458459008e-02
2.361073425747200194e-01 2.170586217983053873e-02
