3.393711112177563716e-02 9.173030923851388518e-02
6.844027716635558978e-02 5.483057184434761422e-02
2.416244562259065032e-02 4.025719377600651960e-02
7.343664081234631269e-02 3.138043345465915679e-02
2.079091867567812654e-02 3.061346324716694364e-02
4.246344787960264905e-02 2.726479568376315860e-02
9.123470094564708338e-03 2.593565838358006387e-02
4.423966070657366079e-02 2.286789646190038813e-02
1.891039081653507481e-02 2.357661602522042113e-02
7.896724688818234153e-03 2.152717802416019566e-02
-3.840629612886513593e-03 1.524260243609536734e-02
1.851566403169583458e-02 1.631626447088074458e-02
-6.364891394787704389e-03 1.797565177432806569e-02
3.604428179426575479e-02 2.076266579295543702e-02
-1.655032060103338309e-02 2.216635643449643700e-02
1.151579112751018735e-02 2.839692548419692555e-02
-1.795276081782972571e-02 3.782438485063943645e-02
-6.363209693086510632e-02 4.731117587171641131e-02
-6.677118711616923663e-02 5.996555425598833200e-02
3.348204615653359306e-02 8.448511533601708867e-02
