2.443536926119897756e-02 2.692814959470306649e-02
-1.176240311073379133e-02 1.491252509885074816e-02
-9.011151233887597020e-03 1.164177077403502278e-02
2.247350429668273138e-03 9.160554181106674368e-03
-1.448783207286732249e-04 8.502393945584139218e-03
-7.157830409163812649e-03 6.910461812921908295e-03
5.515501919471300224e-03 6.727525880350290755e-03
7.424423041676394414e-03 6.243497762526380342e-03
3.584068124039721526e-02 6.467473629945777458e-03
2.377547464848842745e-02 6.406542787580378831e-03
4.262747801530139546e-02 4.516425264430759534e-03
4.407911708997071243e-02 4.889979414328705920e-03
5.592895479351776139e-02 5.256533089908991575e-03
5.531648409162554653e-02 5.715833137108489517e-03
6.555898234442072980e-02 7.151108751292338007e-03
6.599981224388411227e-02 8.642269691496640496e-03
8.636282091250269133e-02 1.041776552087570265e-02
9.296352454007765498e-02 1.297908307301452041e-02
8.918644922373597517e-02 1.750666634491017393e-02
6.281293026906153987e-02 2.305707707141819301e-02
