2.689140862658195505e-02 2.811297403196848579e-02
9.104380333216779281e-03 1.733740750700091607e-02
4.184062503957410722e-02 1.259413142426340365e-02
3.939825774297892047e-02 1.039634213771947237e-02
4.891158854501671122e-02 9.308581955684422024e-03
6.480028612635785334e-02 8.290813129937445528e-03
7.786817230785540722e-02 7.923705821306512020e-03
7.314959788042865729e-02 7.692217703146751219e-03
8.163638333917259959e-02 7.358037752226551445e-03
7.151311671945165260e-02 7.074811343043737807e-03
5.298596033168209707e-02 5.126289151431909566e-03
3.938284969707577660e-02 5.146031045248352503e-03
8.798821150506298469e-03 5.227915223239343323e-03
-1.359618917483731634e-02 5.986390045999292336e-03
-2.929058783184901316e-02 6.854721887896102379e-03
-5.160300942666114915e-02 8.558459212525553611e-03
-8.134299951792908767e-02 1.058802725768625413e-02
-8.829785840156617605e-02 1.369051789148001928e-02
-1.179062441137731926e-01 1.800093850656843061e-02
-1.696108316627443213e-01 2.421794466126797607e-02
