1.795558952090430330e-02 3.876979740861796753e-02
-1.764834494587906935e-02 2.206847885084305474e-02
2.209618262458419927e-02 1.744250234395035293e-02
2.816632513680891129e-03 1.453292370159793567e-02
-7.530355338061056440e-03 1.258116752669890225e-02
7.422417048518187462e-03 1.027123706844062373e-02
2.619085152650981602e-02 1.042991573496980170e-02
2.401085119273317289e-02 9.248108747832606280e-03
3.070346364955086824e-02 8.847558281966849333e-03
2.612786197214781239e-02 9.223803787403610233e-03
3.526137015920150636e-02 5.900584274985562483e-03
4.353767457979595967e-02 6.263676738291623289e-03
6.552888218710165025e-02 6.967438679870577647e-03
8.320743049506459932e-02 7.670434891784397476e-03
6.860495139612907134e-02 8.666262073828732287e-03
6.473462488169266782e-02 1.024272765548652452e-02
7.622999611032228728e-02 1.250462901964883092e-02
8.440901932799876883e-02 1.610614816827505430e-02
9.225202532231786823e-02 2.003134868096657223e-02
1.005707062310861738e-01 2.640182209940792127e-02
