-4.627270929426434420e-02 3.943567210056508204e-02
5.744106900880120020e-02 2.494527868138448831e-02
6.059824806970039168e-02 1.946836758903023809e-02
7.861022299200408348e-02 1.520917348084278344e-02
5.034583574343595713e-02 1.259859526170676973e-02
7.085041841671776974e-02 1.245397844759953826e-02
8.223016132595359351e-02 1.095869016010129864e-02
9.026304420988888466e-02 1.067661719563693830e-02
7.242263987979910556e-02 1.044100824767573918e-02
6.908364616668387359e-02 9.973712518138905941e-03
7.101127567546695885e-02 6.745369384783378962e-03
5.154828676007537636e-02 7.049924296831626067e-03
1.845000647329267038e-02 6.683038338479297194e-03
-6.965551740455221824e-03 8.291464089727817316e-03
-6.717745315163328387e-03 8.651914820431863204e-03
-2.772537636835891925e-02 1.047084848072207461e-02
-9.658579605067027507e-02 1.379576240792321044e-02
-7.018121409962516100e-02 1.677326374907053483e-02
-1.144628483463643459e-01 2.057502181170363376e-02
-1.457697267656544171e-01 2.570419322305881812e-02
