-7.503239916064956272e-02 4.743926605829620891e-02
3.305686394502387049e-02 2.747819738096105024e-02
3.427994670482255313e-02 2.160726325539797169e-02
-5.064247374513555604e-03 1.672598856149163857e-02
5.781793431335704482e-03 1.540232611083874360e-02
1.140139279302376969e-02 1.327019440343943021e-02
1.066281729375160095e-02 1.261472998148750919e-02
1.696716301908408192e-02 1.113795948399853505e-02
7.841088983079483668e-03 1.096404943224527952e-02
1.102324869758352852e-02 1.035908516075282823e-02
3.086326562496839732e-02 7.589327272124092236e-03
2.533216336843543276e-02 7.583605628958153995e-03
4.152468925473151024e-02 7.609103129706257761e-03
3.590151964043208910e-02 8.738082005454731599e-03
5.446652717283730072e-02 1.075194113575755027e-02
5.653497061497373549e-02 1.223490866794818728e-02
7.181695444756427960e-02 1.520515447135619563e-02
6.717453699433766079e-02 1.980614306880272221e-02
9.033560368731202717e-02 2.378961046129696166e-02
8.981507689673923212e-02 2.953034508373601763e-02
