-5.320278910993891941e-02 1.367206555794146516e-01
8.930922895876232392e-02 7.772126302483864380e-02
8.632323098750040169e-02 6.433613831688608786e-02
-9.896154639946295063e-04 5.248832698301381106e-02
-4.499652474376265171e-02 4.522321014656442012e-02
-2.024971797658060152e-02 4.212388743380787032e-02
5.807482884093143755e-02 3.667397176739317644e-02
1.709825413495183466e-02 3.435715762701023468e-02
2.764788542674852939e-02 3.344058045669363183e-02
4.744671840428078824e-02 3.076996159683906967e-02
2.968605502425171461e-02 2.178829803107150409e-02
5.912204887242013263e-02 2.312783706590347890e-02
-2.209175912399868880e-02 2.313951285166925345e-02
1.339584834838630778e-01 2.677102309619485213e-02
2.316691928573627254e-02 3.009146015701809340e-02
7.583877569051468643e-04 3.753971948875538950e-02
9.222599049592002107e-02 4.517502402594130578e-02
1.988486333381830548e-02 5.810402272606394330e-02
1.751703560113188757e-02 7.159895261526454113e-02
-2.872077320016516375e-02 9.381461319355899331e-02
