-6.466037593270308748e-03 3.461429614039396307e-02
2.828707953179727952e-02 2.055136258680227007e-02
1.497608176977855039e-02 1.812589729364478749e-02
-1.378888100896199891e-02 1.331586722053876813e-02
2.707100801373034924e-04 1.230969457439039065e-02
8.673477882616255005e-03 9.754850588277923576e-03
4.101770251041624710e-02 9.850239625794125070e-03
4.187814844462440372e-02 9.265253683960677361e-03
5.404781704866862269e-02 8.496791479259567861e-03
8.487408734429947865e-02 8.817960238028790809e-03
1.026863374101525672e-01 6.211447198911438684e-03
1.320182064802717103e-01 6.759587646748652957e-03
1.624565976522938382e-01 7.206329459597212751e-03
1.698637444738898827e-01 7.934144092114243929e-03
1.950826993847147584e-01 9.199528793480652930e-03
2.054575875185273015e-01 1.082082003824936037e-02
2.113993808573454425e-01 1.289007426616714178e-02
2.249746480947163452e-01 1.526102130612465302e-02
2.496567400381225765e-01 1.982241352383390734e-02
2.315381100719907936e-01 2.487434228791603544e-02
