-9.093463071259875964e-05 6.022287161836297701e-04
3.806285237720198849e-04 3.640987648976375612e-04
4.157607888722516382e-03 3.852306813129565419e-04
8.706538374710420455e-03 4.782692520817842367e-04
1.475680927972361500e-02 6.810551125499359143e-04
2.128512697639772452e-02 8.832906489753132757e-04
2.687101412533109482e-02 1.076900865776744777e-03
3.419208595769777925e-02 1.304088743782536985e-03
3.931539823242809900e-02 1.553419149397701135e-03
4.571931305762650527e-02 1.726829237777169302e-03
5.251144401357336206e-02 1.925106384372965527e-03
6.259304191472050971e-02 2.402098071231673418e-03
7.045896069651796934e-02 2.679789320100828785e-03
8.019040845834884967e-02 3.065732642210067509e-03
8.875662879525317295e-02 3.531922908610859568e-03
9.347447811759923564e-02 3.875646328266498138e-03
9.977747573340825515e-02 4.433924213192212693e-03
1.054997876565154230e-01 4.706184956884987454e-03
1.141213649948463055e-01 5.578373993264658208e-03
1.022394139327568036e-01 6.042086429379528792e-03
