-1.336511583800483458e-04 7.533257004396294761e-04
-7.812858532318978392e-04 5.008391620949346904e-04
4.348346848933017095e-03 4.840954026212319059e-04
3.877118500767905585e-03 5.174612129832099373e-04
5.799637616155079063e-03 5.691794108535428711e-04
6.693602402719551168e-03 5.977884056578098909e-04
9.103566631498466802e-03 7.018284930775036757e-04
9.821857327895441511e-03 7.807707534216571689e-04
1.355809864274418186e-02 9.193436754401179906e-04
1.372114145441566749e-02 9.664960024951087855e-04
1.584535576497779485e-02 8.850514711697532585e-04
2.064687780753146282e-02 1.207934066022352216e-03
2.496457588056577581e-02 1.342295067956185460e-03
2.904631279037019065e-02 1.837156484646700755e-03
3.526500817887573414e-02 2.223416572918468937e-03
3.729975320851006831e-02 2.690979319865677809e-03
4.041007112639583704e-02 3.357910378324053917e-03
4.617158880372899954e-02 4.024656039327987635e-03
5.457727423261790611e-02 5.223315598431425150e-03
4.571673670944482321e-02 6.383398783495562029e-03
