-3.863286476771099335e-04 6.141444122192464290e-04
-9.415100468202836559e-05 3.730536519092285115e-04
2.571307074560673280e-03 3.479369111043059031e-04
3.879911348916218611e-03 3.776888169338077578e-04
6.551141040738760364e-03 4.378583334621696148e-04
1.004080087936621082e-02 5.615483526973998616e-04
1.414062990033772456e-02 6.985371236037391657e-04
1.757896922256554917e-02 7.808073557968678866e-04
2.079283850865809927e-02 9.036179793581267192e-04
2.463314492553318052e-02 1.005421783755885761e-03
3.139143852261108703e-02 1.164421714980562721e-03
3.888572328334830713e-02 1.481811408382508561e-03
4.615816695309857970e-02 1.777861919240031254e-03
5.310754885019047106e-02 2.138316797472894059e-03
6.181463838073236045e-02 2.490381051012419827e-03
6.763009137972231244e-02 2.907551836265107048e-03
7.468195960744894446e-02 3.442677916469827001e-03
8.199490758728354700e-02 3.927956521311748786e-03
8.734698684019416570e-02 4.436342037065285106e-03
9.735649765846862702e-02 5.531048353405351205e-03
