1.465249650072451013e-04 5.530730954803574073e-04
9.445663984045135284e-03 4.270059248407238558e-04
2.758712028605674743e-02 6.809059535071391176e-04
4.582724922015384700e-02 1.038882816111129283e-03
6.376807649360687058e-02 1.393789987945935659e-03
8.135531199851618600e-02 1.782610296013564365e-03
9.732743798224523235e-02 2.100997562815152403e-03
1.124070265902233912e-01 2.432361436361612714e-03
1.261480103802228858e-01 2.667018839134095709e-03
1.389762602471007469e-01 2.976983931275739570e-03
1.568584799503210669e-01 3.264582701274421593e-03
1.774700365636277533e-01 3.737511853498906318e-03
1.968706869486562261e-01 4.121957331101990321e-03
2.137621920978000634e-01 4.502010052966582375e-03
2.324483273828099328e-01 4.929424292440687076e-03
2.461994797343202701e-01 5.190520292296216427e-03
2.616311575357304076e-01 5.500729927904477422e-03
2.748241998750774462e-01 6.049879555570416255e-03
2.880144790329615678e-01 6.682801070280293236e-03
2.934707954006788300e-01 7.456224475308957135e-03
