3.444856163994122148e-03 6.081001146450151426e-04
9.584552822167524688e-03 5.899097528803588656e-04
1.907822464659310671e-02 7.936688535559282805e-04
2.305977884787374643e-02 9.385482847417967508e-04
2.567175327496918139e-02 1.051813223303248689e-03
2.474772410556076718e-02 1.029820021372876643e-03
2.240242274876926704e-02 9.695052965684607159e-04
1.902655351262573860e-02 8.955592185463067930e-04
1.483295194027096919e-02 7.905868751872201358e-04
1.141393894553177114e-02 7.679030169953534853e-04
3.742193572606333438e-03 5.598833437844402119e-04
-6.383451588752751468e-03 8.439555629064619683e-04
-1.751502533010102988e-02 1.128084668580435490e-03
-3.177497675095493357e-02 1.690671960694486997e-03
-4.427296114186523440e-02 2.262103777457478721e-03
-5.802462862137471034e-02 2.963609089035826750e-03
-7.300861306070677292e-02 3.645723808797030237e-03
-8.482060158511557646e-02 4.470403118871817301e-03
-1.041939786903560428e-01 5.478428609642492335e-03
-1.266743568674966458e-01 6.800964442074712395e-03
