4.643662153853570299e-03 2.806375359195018623e-03
2.204074208675630905e-03 1.622059929539369219e-03
2.445837487372381353e-03 1.315577985211572329e-03
6.316452810920811581e-03 1.152858310421798821e-03
9.420701417918985951e-03 1.170628402644936219e-03
1.486257732549614227e-02 1.220077695997753321e-03
2.229782652397846801e-02 1.367024565271483588e-03
3.104531455100186660e-02 1.479144284478288527e-03
3.442769658002629157e-02 1.651859115179278754e-03
4.300564389252738151e-02 2.016648790686013850e-03
5.199583637591496249e-02 2.098557574443671043e-03
6.103747034191023269e-02 2.654120542038010660e-03
7.304882680116875360e-02 3.030606341468612859e-03
8.298160886865586783e-02 3.603649067309672594e-03
9.239189519551374574e-02 4.357186307224840925e-03
9.293134212791524795e-02 4.854493441862551412e-03
1.025632334468168927e-01 5.953230623754083434e-03
9.688410948048972737e-02 6.871929522027183344e-03
1.007754368191234734e-01 9.244298289986983830e-03
8.709907314287972102e-02 1.145166827915765871e-02
