1.418587205617028574e-04 2.625455551413499559e-03
5.766136246614059734e-03 1.588292388389062927e-03
1.383605081649912430e-02 1.350447609606455004e-03
2.447528935288082949e-02 1.254024331280401833e-03
3.711247818537201371e-02 1.390511201846005712e-03
5.685798087214066071e-02 1.638011857920899667e-03
7.528883600157365574e-02 1.972423329735871044e-03
9.458577253920161243e-02 2.334191051508902395e-03
1.134193039768604805e-01 2.669466917767758605e-03
1.266269273490195080e-01 2.918358281823395586e-03
1.526234202309942611e-01 3.247717099217268307e-03
1.777268269507060183e-01 3.893764495566529732e-03
2.032465993423366590e-01 4.423901947920728071e-03
2.212719089612232293e-01 4.957059977981763919e-03
2.415473616381289823e-01 5.558394151087598517e-03
2.544078482288085752e-01 5.998443899680215748e-03
2.656500627678766713e-01 6.890232681470370192e-03
2.776923759315420015e-01 7.879436165411292381e-03
2.835677895430546713e-01 9.349992102978840411e-03
2.883499623063942030e-01 1.232934876038626823e-02
