-2.381355591548167585e-03 3.822170939622676709e-03
-3.316259087060467996e-03 2.215302880327405313e-03
3.951019599163350070e-03 1.793011199903593415e-03
3.415545010057119499e-03 1.726161364941055385e-03
3.075261493186009533e-03 1.521506148122577732e-03
5.571939374526512813e-03 1.437870835444592359e-03
7.818728191334020292e-03 1.533980631414062204e-03
8.073430002673657666e-03 1.606906893066811651e-03
1.209167774964002053e-02 1.628582212548221808e-03
1.440763903082492060e-02 1.827912304120882670e-03
1.703838491470683128e-02 1.606637752989269197e-03
2.003089258654844329e-02 1.911174537575785612e-03
2.497775388326048396e-02 2.197664916134310989e-03
3.198779596069641074e-02 2.824708234035131545e-03
3.470483610148527437e-02 3.763716334973674950e-03
3.195707017733788458e-02 4.880031572685655794e-03
3.260434762313967755e-02 6.610089282482369509e-03
3.926812045947231100e-02 8.238425523793066821e-03
4.513571200472853845e-02 1.140416807947823401e-02
3.391666128644776901e-02 1.495804707897513408e-02
