5.513087286210063311e-03 3.044767880643237459e-03
1.462472562620659687e-02 1.896887790680160547e-03
2.676546843054111030e-02 1.813762061491814041e-03
3.158129763429623482e-02 1.840068023391548940e-03
3.429864960815490194e-02 1.805408923359010879e-03
3.731149940262488973e-02 1.883324086761058863e-03
3.462338595193353158e-02 1.858441594435690080e-03
2.889739728888982354e-02 1.715757552586689343e-03
2.453024601477154024e-02 1.625342522352536982e-03
1.934654692277941457e-02 1.516275120047333056e-03
9.037007677879601089e-03 1.171401194473433750e-03
-5.255069973367948975e-03 1.480785725815450798e-03
-1.959504917182822853e-02 1.916350268878227450e-03
-3.477627714859920366e-02 2.572728073186725598e-03
-5.499972253385801424e-02 3.469812792426917557e-03
-7.530065627818369189e-02 4.918320357264824826e-03
-9.137223734630653404e-02 6.152559429686228591e-03
-1.048280180833589814e-01 8.242826918596832253e-03
-1.313724973743750080e-01 9.729010953425735672e-03
-1.552275401061739557e-01 1.367612312885382528e-02
