2.587833133757459422e-03 2.974216480171926105e-03
-1.376298742649913111e-03 1.643039524875074178e-03
1.161926514053917897e-03 1.299876343004364434e-03
3.750819673055879981e-03 1.173531449077148091e-03
4.123653071119660202e-03 1.187900391244028258e-03
6.839312255977984638e-03 1.111286361140302516e-03
1.086632414087332354e-02 1.199547018236167160e-03
1.392005432840100025e-02 1.276553104149952484e-03
1.870767414394636230e-02 1.397088738711939598e-03
2.192205893506680991e-02 1.530834320556719204e-03
3.002968555231755321e-02 1.455562603062364024e-03
4.107463862431022517e-02 1.875836351849063640e-03
4.761699899052990875e-02 2.332808930861618273e-03
5.573378534895789133e-02 2.921543770514103012e-03
6.896598994755860634e-02 3.512760587637142693e-03
7.576978303408489490e-02 4.444983955342134835e-03
7.039216352782766417e-02 5.031874086345464181e-03
7.637741311732937355e-02 7.126152779269815524e-03
7.745175733456227674e-02 8.597707207495393703e-03
8.542012688958515454e-02 1.154614815274632514e-02
