-2.744982016724034136e-04 6.163211161460082537e-04
3.075383427963733138e-04 3.753320798640585399e-04
4.295604274652106355e-03 3.958567171418663844e-04
9.126316985918961691e-03 5.053150795700201651e-04
1.580669719404961815e-02 7.254326440068032105e-04
2.315061086585148975e-02 9.591576782155656093e-04
2.891031228494922445e-02 1.180876752083507425e-03
3.672484776581521476e-02 1.426327616449632680e-03
4.355654742021460024e-02 1.741445108931240215e-03
5.043966563913207524e-02 1.922046906857940041e-03
5.748464023990809690e-02 2.142281740406867113e-03
6.947371169568519744e-02 2.702861302230749954e-03
7.782222609200983854e-02 3.073699056717065989e-03
8.673215570597726798e-02 3.442345986354933361e-03
9.385489609271896461e-02 4.001704425820703376e-03
9.337892323846014309e-02 4.287241359642203833e-03
9.003430928804841138e-02 4.893459331718337003e-03
9.689301678181708177e-02 5.924204830103954947e-03
1.048332294677418730e-01 7.620467478370512165e-03
9.360099709395350298e-02 9.960209324307023326e-03
