3.365148891670503156e-03 6.185366243576813751e-04
9.304152377626676018e-03 5.897478453038285107e-04
1.857658516064146503e-02 7.840887539404812860e-04
2.213270792099231513e-02 8.961833489273250165e-04
2.434271301894047612e-02 1.010730512676443447e-03
2.214149102386086393e-02 9.614587870605214616e-04
1.900348001276138538e-02 8.815599050763239667e-04
1.474764500291492718e-02 8.371823254551605514e-04
9.371773566198417921e-03 7.507383510955462254e-04
4.609176492615264971e-03 7.878238814440583632e-04
-5.466418344280005344e-03 7.584385331727635940e-04
-1.918346753402782115e-02 1.287594199101791022e-03
-3.515444649535823946e-02 1.867089222791650741e-03
-5.261722959424148388e-02 2.749318350048779620e-03
-6.591246711850186346e-02 3.799019818609823424e-03
-7.799938766188335704e-02 4.441569685005409412e-03
-1.001600119704823821e-01 5.320112401485936615e-03
-1.177654846291769225e-01 6.783990857077165475e-03
-1.392715784990490868e-01 9.449361482619786021e-03
-1.604648967674910665e-01 1.176239216243011101e-02
