-5.454048666942586630e-04 6.293006319257828151e-04
-4.048058475105594171e-06 3.889215183319176690e-04
2.711173183063553781e-03 3.650128978043292068e-04
3.956674070403323230e-03 4.054407755770513878e-04
7.033238745656444392e-03 4.817609330723333959e-04
1.095783994147021996e-02 6.266676166383362270e-04
1.528806846171015289e-02 7.854378202399451333e-04
1.990253916384359528e-02 8.765668125492145002e-04
2.274238876278499369e-02 1.015126685234370857e-03
2.760465862897781147e-02 1.150040802312009757e-03
3.529629209142518681e-02 1.332927622387052513e-03
4.404500952801537750e-02 1.750636078479508775e-03
5.199580829738391363e-02 2.075947316812033934e-03
5.940409494084784164e-02 2.560884583434070404e-03
6.424733922442121825e-02 2.953618810390506305e-03
6.836812774569386852e-02 3.753840723441597468e-03
7.491529359783200004e-02 4.734064136824943370e-03
6.939651321778912696e-02 5.697145644135980479e-03
7.516922532804101720e-02 7.248359050167980239e-03
8.450526626762996929e-02 9.583495239692159384e-03
