-9.694374886522336891e-05 7.725519804731226237e-04
-5.977592033157156162e-04 5.133854372935162764e-04
4.365115837041818811e-03 5.023184616151883186e-04
3.915078967416637905e-03 5.392814856137182530e-04
6.335514310850394459e-03 6.019445537010503777e-04
6.968108832029678429e-03 6.477456950977322206e-04
9.831007246454590356e-03 7.783708041745347056e-04
1.068467773625145570e-02 9.062022604386859659e-04
1.467978731328955545e-02 1.078551175655631609e-03
1.490791532741010325e-02 1.107766116730978878e-03
1.681628339863847077e-02 1.078299978930805352e-03
2.289838030220523596e-02 1.455273873248295489e-03
2.666039752877899169e-02 1.703825054468421918e-03
3.112835590567713390e-02 2.389835490795802313e-03
3.583521404126734089e-02 3.154193884580092349e-03
3.887117803502719571e-02 3.783806839048499751e-03
3.430069798011588927e-02 5.059689415031289744e-03
3.887288452988295340e-02 7.202135132877129572e-03
3.824717365321000234e-02 1.009333220289385102e-02
2.028951535710959639e-02 1.275956238850766734e-02
