1.323319974525706435e-04 5.659887458832161015e-04
9.730233999979931783e-03 4.361344140273669921e-04
2.885671761953749470e-02 7.128967317025881401e-04
4.884297868193131914e-02 1.104201828166357291e-03
6.885595370187640174e-02 1.495113280597013894e-03
8.800044329145675914e-02 1.921769936158445507e-03
1.056447352743700857e-01 2.280793502203246580e-03
1.221059352632786615e-01 2.623413636581333006e-03
1.372365612606900875e-01 2.896796684224933315e-03
1.528835232327468430e-01 3.267729033931286633e-03
1.722041163174994893e-01 3.605583751696312712e-03
1.964452593604567310e-01 4.120333572054247183e-03
2.162132407490248986e-01 4.568881884914556893e-03
2.348643835679109504e-01 4.969098513658950361e-03
2.508590963988884259e-01 5.425119092827259716e-03
2.629780224095539243e-01 5.870466383442369401e-03
2.684989457931702961e-01 6.244260384396873448e-03
2.767262591616995726e-01 7.309770277466071976e-03
2.908511881954198297e-01 8.704635776417233087e-03
2.980789313531788665e-01 1.054717483270951016e-02
