-2.758933694075264582e-03 9.476461089509485153e-03
-2.649206393137498120e-03 5.197818943406882879e-03
9.132258523098648467e-03 4.107883897929255797e-03
-1.172971506302778431e-03 3.405384516201068017e-03
7.254220409491993725e-03 3.027937315287465483e-03
8.546382617811180624e-03 2.849751261543160153e-03
2.029997238774482876e-02 2.667542055416320147e-03
3.215237428279939247e-02 2.608539876395392886e-03
4.175666274827750241e-02 2.565739464399207498e-03
5.864092467503651679e-02 2.807550524719110846e-03
8.209783916018549565e-02 2.490491551136349291e-03
1.143027787105034693e-01 3.089562803605202905e-03
1.506926231138596695e-01 3.703327566960266243e-03
1.830558168193135438e-01 4.387210218782227472e-03
2.125651683966907346e-01 5.077195788009012702e-03
2.344194072349328750e-01 5.693354103267419218e-03
2.632081022159105665e-01 6.267605827476860347e-03
2.820070932318231582e-01 7.285267574589311679e-03
3.023510976380318627e-01 8.278070972217579232e-03
3.096729374791797884e-01 9.774741370972889545e-03
