4.967304792666937807e-03 1.034960204537532097e-02
-4.071251781447116991e-04 5.421141067737103234e-03
1.238420824915677329e-04 4.430228553957831460e-03
1.089983278685204785e-03 3.672613292170386762e-03
1.131003160696932757e-03 3.195290113924343419e-03
-7.180183026418952234e-04 3.003509078101369249e-03
2.951117885104795942e-03 3.041969523636780474e-03
-5.465545320317567214e-03 2.915875621350779053e-03
5.399407559981030461e-03 2.795125234236005458e-03
9.072067051635065646e-03 2.625949553898012344e-03
1.211659059319902983e-02 1.739336768629416588e-03
1.892357123407060332e-02 2.090438158619763176e-03
3.066840267911090032e-02 2.354011053591986355e-03
4.255201962675298627e-02 2.825112082702803222e-03
5.703637517938917739e-02 3.368076285884760972e-03
6.392861623402591731e-02 3.682349030857636884e-03
8.272459446272850681e-02 4.938656766235885107e-03
9.643660026852793332e-02 5.738584773377636804e-03
1.033787578361347048e-01 7.288764658632556140e-03
1.187130599572759765e-01 9.064313577467118452e-03
