1.477708432462574752e-02 1.397749409236416843e-02
-7.720271889478453470e-03 7.057950554795857159e-03
8.950238186837804893e-04 6.390188963179809986e-03
5.689164394935584262e-03 5.071669249163009673e-03
-1.712719489054381110e-03 4.380308575262557499e-03
4.892326788783334449e-03 4.048225865748775534e-03
-5.897490297530278217e-04 4.141647961664356691e-03
1.164223495071830356e-03 3.678403077657820940e-03
8.230234301435771643e-03 3.420970303174830467e-03
-1.851105727042828364e-04 3.477346186748101007e-03
7.953341395169372108e-03 2.392758541483542938e-03
1.420354483357148638e-02 2.510997797029893095e-03
2.147677723720843590e-02 3.008533290711897130e-03
2.550563358229988170e-02 3.301034532230648442e-03
3.916478269592958000e-02 3.647110163099977816e-03
4.049970072157096229e-02 4.937634162540058443e-03
4.835212135750745210e-02 5.591625650597482379e-03
5.503243601928309303e-02 6.698834524873519512e-03
7.194879430136315313e-02 9.010731634000056570e-03
5.335172732335762003e-02 1.135473619883026371e-02
