4.735070092015146448e-03 9.912724411510049488e-03
-4.978069623296329377e-03 5.276219057442448762e-03
6.713031612374177788e-03 4.287154404420549618e-03
-3.573353895441225541e-03 3.598342682909230067e-03
3.080823378225060541e-03 2.865278085286358020e-03
-1.560522554379730874e-03 2.966518795153368082e-03
3.358509363215019233e-03 2.530088994314192395e-03
6.703301428895864188e-03 2.817568920838741525e-03
8.210352811254274449e-03 2.550947258080432049e-03
1.615638178956621887e-02 2.575760257775066772e-03
2.618928836161455581e-02 1.971865798597044993e-03
4.381243940257482233e-02 2.408575449539973861e-03
5.326183232736705214e-02 2.842084855310646890e-03
7.076729929591059343e-02 3.450203556817861127e-03
8.369525933532698247e-02 4.038699305215068258e-03
9.501336843703279966e-02 4.590587006205648982e-03
1.112264818596481186e-01 6.041505677425238266e-03
1.156732190410785094e-01 6.369889160211378125e-03
1.296901324988488646e-01 7.700534756770164961e-03
1.145779836616061254e-01 9.162162512382842489e-03
