3.124482884567283177e-03 1.093956165851216362e-02
9.159701739278476237e-03 6.217824814649911165e-03
5.206464885451611395e-03 4.795488486743659795e-03
2.200717701211211616e-02 4.208177563952860550e-03
3.084831898367380518e-02 3.842735236961387479e-03
3.644871629393373058e-02 3.550284752691910441e-03
3.841269378669402018e-02 3.646393095834413265e-03
4.511030005049256747e-02 3.384465596194285476e-03
4.385249757885316402e-02 3.365376293603664169e-03
4.865580413156768425e-02 3.561500074189649211e-03
4.402215854042498128e-02 2.500076310591816103e-03
3.360856387781076954e-02 2.261807623671153143e-03
2.022003251285273487e-02 2.369919785392239370e-03
-3.792893568916094228e-03 2.540303815408190020e-03
-1.610617695788973611e-02 2.915610591136288260e-03
-3.873177282952725009e-02 3.839307189650619564e-03
-4.824999105348132949e-02 4.869953084335579101e-03
-6.338700690179195629e-02 6.155223573171009384e-03
-9.015880897078125400e-02 7.579444083296712695e-03
-1.138786217876971707e-01 9.336274579344870997e-03
