-1.199741856759095442e-02 3.053852831934295714e-02
2.320620259321833773e-03 1.772581857229978824e-02
-9.123609209868779879e-03 1.402254203386505207e-02
3.494645057796566794e-03 1.110449231125091446e-02
-2.136391629804358042e-03 9.906024014160592223e-03
3.478587036042848826e-03 8.341069325893655378e-03
-2.177106113655581741e-03 8.259000052207471701e-03
8.183210600899940707e-03 8.025019633065302860e-03
4.152389080471723289e-03 8.028796813844777530e-03
1.564941954218599350e-03 7.551446665252889955e-03
2.476263625679055516e-02 5.189541149966558908e-03
3.094307414826267047e-02 4.550677925518397532e-03
4.462719574131054912e-02 4.915422029083638296e-03
5.806743398956853291e-02 5.752116368649080706e-03
7.618579419888030224e-02 6.319000612018334413e-03
9.835901875821492779e-02 7.884264421820249072e-03
8.782868857153705577e-02 8.836352218403193542e-03
1.169336560718359508e-01 1.086950382265425806e-02
1.289295588279079641e-01 1.250987621657302477e-02
1.004180921411162442e-01 1.519484223510478120e-02
