3.968386601407756023e-03 3.223791822830658627e-02
3.780114140512247454e-03 1.856582731880051726e-02
1.683200689727564620e-02 1.439943685702027229e-02
3.428779731150545778e-03 1.191353822801052668e-02
-5.153018376585644274e-03 1.118045619048653114e-02
3.125199593082187040e-03 9.186670931751210120e-03
6.984225613521011927e-03 8.691099011027162563e-03
-2.244341615840075507e-03 8.499785806764715082e-03
1.190828985677214007e-03 7.618370924015723487e-03
-5.579265908168044158e-03 7.887105037255030815e-03
1.377565729381796146e-02 5.305244510351657394e-03
6.102511563266043750e-03 4.727947733485042374e-03
3.353710715221609046e-02 5.266977099077852636e-03
4.199175809756548056e-02 6.091246250379664731e-03
4.660131304019270865e-02 6.257473671461542993e-03
6.634195114804515570e-02 7.192294561125674689e-03
6.739465052664332656e-02 8.591637486358034634e-03
9.873886126746285463e-02 1.050154719629188028e-02
7.551683785624092871e-02 1.276324374077651702e-02
9.321376986446601454e-02 1.716027406393455523e-02
