1.732420897583794236e-02 3.037958665711583406e-02
-1.529480591432581978e-02 1.860499953094467418e-02
1.751691049847174317e-02 1.328585101514172251e-02
4.722831589581557438e-03 1.063091681562543245e-02
-4.898248271363050098e-03 1.016839111777733881e-02
1.797012909704368347e-02 8.803559888271104972e-03
3.079126411973838028e-03 8.407387349215296110e-03
2.538697883420655207e-02 7.903467704931482068e-03
3.956802101428300716e-02 7.182679792973130709e-03
3.489810993384929311e-02 7.413246647856787386e-03
5.898145784882245085e-02 5.090766044733910194e-03
9.542203694925958934e-02 5.157631333150353853e-03
1.311040462696446418e-01 5.461181798318488420e-03
1.562943461803283640e-01 6.363344549488865812e-03
1.879333677464865848e-01 6.666888077753570230e-03
2.105948176012854556e-01 7.932319154786770382e-03
2.444334649901351020e-01 9.091995219164204431e-03
2.732304298839652867e-01 1.051179273063268700e-02
2.722362009926103110e-01 1.255141702104075989e-02
2.615247479504938521e-01 1.519064101243635528e-02
