3.354414695431060835e-03 4.374876424928104968e-02
-1.628536533070754772e-02 2.578347053047168325e-02
1.049479910873730645e-02 1.825223666381063647e-02
-2.185190029376631038e-02 1.603650551286460446e-02
1.223441296736974210e-03 1.284783834887434986e-02
-8.745644058417371969e-03 1.221175702034812960e-02
-8.198653071646654078e-03 1.168929132555364750e-02
1.307810583219935416e-02 1.172841230601725376e-02
2.980759616490923775e-03 1.097937297219236767e-02
3.417269779313677081e-04 1.063015654496098951e-02
4.613988778777236566e-03 6.753277852215910926e-03
1.768425952699898690e-02 6.675780271560607416e-03
1.654101983839769210e-02 6.827583674379176550e-03
2.128694662634835269e-02 7.478850776292618290e-03
2.385130998439898009e-02 8.221597993854837597e-03
2.558482279802404627e-02 9.799281985646616372e-03
5.636669922558215640e-02 1.117332170727969136e-02
4.629622526084280210e-02 1.356288932644473220e-02
4.707585944359956448e-02 1.602944158454152820e-02
8.493494992509559305e-02 2.116305571087977871e-02
