-1.640015188789911357e-02 3.363432189275412931e-02
-1.017460535778912968e-02 2.031478415856834141e-02
2.487442795544754157e-02 1.490776325633618241e-02
2.658935511465878448e-02 1.274962383879881152e-02
3.915227576536603471e-02 1.130641791274795971e-02
2.217612223906060068e-02 1.056925407811330417e-02
3.954313733051140201e-02 9.484977054622990497e-03
5.374806191822568968e-02 9.482599877419770062e-03
4.377494407660270648e-02 8.615234734193961963e-03
3.813146784187083221e-02 8.972132984941092945e-03
5.276182981119078436e-02 5.688474408841955737e-03
4.795647912042393102e-02 5.528197835985832094e-03
3.405694046987263468e-02 6.066504801463131445e-03
1.606579623334753251e-02 5.881628549854000729e-03
-7.389119298694288469e-03 6.637534372299308191e-03
-1.925187267550554360e-02 7.309618530055811240e-03
-4.805409676022330545e-02 9.250529747450607007e-03
-5.000227422018045653e-02 1.094291431644177012e-02
-4.878513420331839767e-02 1.310736986329643847e-02
-1.202596151318095358e-01 1.695938921551046544e-02
