1.781869680107884754e-02 4.703129086443044726e-02
2.808066422741806525e-02 3.196648439720009560e-02
3.465096918930613001e-02 2.346898787782993739e-02
1.915258215059028116e-02 1.909309279639948703e-02
3.373268491500706900e-02 1.644045305427583453e-02
5.588396380804001862e-02 1.520228699478836862e-02
3.521863947373562315e-02 1.430463597678379231e-02
4.676273562449112520e-02 1.315944583052289230e-02
5.683479056103489524e-02 1.180532576343550251e-02
5.829071979712963786e-02 1.213734812630747409e-02
5.432363883814824573e-02 7.623034761799833171e-03
6.322365489783608739e-02 7.628712059706515072e-03
5.392131844971229798e-02 7.815961302693104698e-03
3.621297863657203797e-02 8.137900934476388626e-03
-4.127602284257808445e-03 9.085144453618220969e-03
-2.041951762721318578e-02 9.771514202015545159e-03
-3.165442509816276950e-02 1.120779100567202875e-02
-6.898458324625822424e-02 1.454212403862385240e-02
-6.130417541442341467e-02 1.720137672038977647e-02
-9.593905996355343857e-02 2.031439098518869266e-02
