7.980916370407917237e-03 4.181364514187446008e-02
2.801496590322579555e-03 2.579151076158396269e-02
-1.520781510111931210e-02 1.908549753451710407e-02
-7.279019321359797567e-03 1.764592810562761946e-02
-1.628350062722350861e-02 1.494865074508703630e-02
3.342252325207462505e-03 1.366672609547073432e-02
1.213411593038208301e-02 1.266814440594540674e-02
1.029924567523794569e-02 1.131054091547172881e-02
1.725848774058572066e-02 1.060015717329809183e-02
3.871784022256111180e-02 1.030091307041816964e-02
4.513203009072216942e-02 6.447881578993381810e-03
8.541285147669576416e-02 6.765159539124825268e-03
1.239296354203869577e-01 7.021062964237239322e-03
1.411910951220117783e-01 7.731232566796652356e-03
1.817168160990768611e-01 8.414616468166489713e-03
2.164411241371637373e-01 9.087458313531113913e-03
2.395408402499416278e-01 1.076783328580645585e-02
2.507260720026351919e-01 1.223421056338598600e-02
2.677506664620932231e-01 1.532831097750782245e-02
2.873265548156905269e-01 1.892679759659676372e-02
