-5.808861545674573468e-02 4.546005340321414290e-02
1.550797614880822239e-02 2.642779742950527797e-02
-2.014277535785605547e-02 2.067017672950918067e-02
5.341139291934272719e-03 1.665777524998352660e-02
-3.375300433948622610e-03 1.494953962329343029e-02
-1.319863748534298373e-02 1.329117249100302683e-02
-2.580814796738503669e-02 1.231265859577944724e-02
1.223160083197350097e-02 1.206389685252983422e-02
9.810232102070768831e-03 1.068846109592867279e-02
-6.485416398791849293e-03 1.034077358899912827e-02
7.256068583485684315e-03 6.500772691823548249e-03
3.292935318040211834e-02 6.414778603741995086e-03
3.963117072586954531e-02 7.444793208096390710e-03
6.544648560009627691e-02 7.482723262795289154e-03
6.717323575192089835e-02 7.849192924973269481e-03
9.042844715392008015e-02 9.237725505251641323e-03
1.129635883231116522e-01 1.082541773001980366e-02
1.028401132730989709e-01 1.251915850605517071e-02
1.081667410619344821e-01 1.469497106119041496e-02
1.242839606437868005e-01 1.903498986432103357e-02
