3.213386768604371141e-02 4.348504826788945204e-02
-4.894337381967585332e-02 2.819702291180153919e-02
2.390579822069896498e-02 2.110975724031135051e-02
-7.345228360008378664e-03 1.827517570308287084e-02
2.328983919039376294e-02 1.611357708488784721e-02
3.406198011505781826e-04 1.410577761945111357e-02
2.401808892286640823e-02 1.356015440991779376e-02
1.371033471835134566e-03 1.234084508908399845e-02
7.472886092725633360e-03 1.103109339503937844e-02
7.444518407480046028e-03 1.095096649017178285e-02
6.490345614714433664e-03 7.257122227047076851e-03
7.236426940809653069e-03 7.442966723438052164e-03
2.591637347738517602e-02 7.102438504098284797e-03
3.257589827682801087e-02 7.261132678931050272e-03
4.907627758890734104e-02 8.416598386675258614e-03
5.653207074750874611e-02 9.842012540004501861e-03
6.544546406735683719e-02 1.079108683153688977e-02
6.892392709602233880e-02 1.316319757941831689e-02
9.026798963492241312e-02 1.581223241623577400e-02
9.517026637479331086e-02 1.845586236905592814e-02
