3.802461376221081234e-03 5.980091858931650683e-02
2.519876249030161483e-02 3.681587044141147042e-02
7.568633891046494533e-02 2.662626709560381166e-02
2.598004355470490481e-02 2.426389621059187734e-02
-1.365728576463588750e-02 2.185329956924776315e-02
-1.120235942793751036e-02 1.834615280353018088e-02
1.550139113130543332e-02 1.739250058003073696e-02
1.021382867308894687e-02 1.519050707157115938e-02
5.455347649787711632e-04 1.508521516550369486e-02
-7.976352395971442188e-03 1.433538292272274785e-02
-1.669490134807360840e-03 9.384243707000271273e-03
5.495927579172793336e-03 9.483744770726020012e-03
2.433928472978780233e-02 9.774914776500930394e-03
7.941187502570902154e-03 1.001069434067883984e-02
1.723945128207893945e-02 1.099923707209978299e-02
4.665287527915246146e-02 1.254279900462962512e-02
5.533725142328939361e-02 1.459596163027655075e-02
8.401313479224128966e-02 1.751075270220288707e-02
7.051941609888615070e-02 1.973359049634103302e-02
4.698567212604287668e-02 2.510220854641351251e-02
