3.245170873362482507e-03 1.008276707766632635e-03
3.319254350706742508e-03 7.991571608250886988e-04
1.315281566769063194e-02 9.815421568014396324e-04
1.488847584052157072e-02 1.079018277462919992e-03
1.692642044814860261e-02 1.124805288652135820e-03
1.811290947940876958e-02 1.252558675128865543e-03
1.852881195901936312e-02 1.226683834525437149e-03
1.512539599463512581e-02 1.222834803763886728e-03
1.408924738734498860e-02 1.364138652406440486e-03
1.371413936283623521e-02 1.299169850742737083e-03
9.092790583201976196e-03 9.481726051728143687e-04
2.751017991470749383e-03 1.039266045872445227e-03
-3.819572210700467735e-03 1.390724484284933202e-03
-9.851412983961319036e-03 1.829200757132913666e-03
-1.583862480970428879e-02 2.345940575186527231e-03
-2.483793120967020887e-02 2.950826258736471627e-03
-3.913311406596332864e-02 3.971552109473362388e-03
-4.163123181080199964e-02 4.460055565233678534e-03
-5.034235721276143771e-02 5.759427766770688732e-03
-5.867345727715661541e-02 7.406668173689902671e-03
