2.547370622112742696e-04 8.143563996048602902e-04
4.759521511149843219e-04 5.209182337217277241e-04
2.139782799894485513e-03 5.333513675515144485e-04
5.339141960122764652e-03 5.568566312504378765e-04
8.790450405374359080e-03 7.109298200624674866e-04
1.244899670298929735e-02 8.377009239305064628e-04
1.489597951074609662e-02 1.012021390808446686e-03
1.970626077713405824e-02 1.183505467274027908e-03
2.166218954299027957e-02 1.417480415730099476e-03
2.643188613812223059e-02 1.614629602899455641e-03
3.249390998081047588e-02 1.810302743647165076e-03
3.935586958183478340e-02 2.249452191324467863e-03
4.434151531152952241e-02 2.573450274623516765e-03
5.233451602570310390e-02 2.912447216599112643e-03
5.794482317670029969e-02 3.406710682858326601e-03
6.191130003846838370e-02 3.602542252385882403e-03
6.953585286471911098e-02 4.423894539005858439e-03
7.942425473112760259e-02 4.918970331282897755e-03
7.593717513028203081e-02 5.332178541133427048e-03
7.896813658755300058e-02 6.418166641431099530e-03
