2.029413315777023764e-03 1.443862314566753038e-03
1.396123371637243097e-03 9.546718351475975972e-04
7.579909864783829741e-03 9.788763125572000085e-04
6.956010098748459380e-03 9.316635093295359046e-04
5.308337003344451230e-03 9.080578959856781037e-04
8.259790053974697469e-03 1.165246356652778481e-03
8.895976563863880818e-03 1.157322493809956158e-03
9.097238044540139484e-03 1.301852797846154855e-03
9.666786406532495296e-03 1.410077539706106010e-03
1.189267995527923567e-02 1.592972862305034676e-03
1.234507503402201833e-02 1.346903444817423552e-03
1.710283810492575426e-02 1.731448443735747380e-03
1.927079033591200946e-02 2.209937906212290030e-03
2.363128765769598877e-02 2.548917278227294872e-03
2.840076789273010896e-02 3.352392574820231390e-03
3.370076002679792820e-02 4.042629442780350420e-03
3.577231488941790688e-02 4.680056892764426768e-03
4.895314031572369634e-02 5.712361775379160185e-03
3.161682570145454840e-02 6.945752129091036821e-03
5.239095017110939612e-02 8.911314204195559807e-03
