-6.809117420154119776e-04 9.207963421922941245e-04
-1.121991712456790963e-03 6.125129574749555014e-04
2.175597443356898104e-03 6.028128721031869629e-04
2.999673903384029918e-03 5.780084361611366938e-04
3.801196638648851427e-03 6.312056034037609020e-04
5.968783254178976552e-03 6.772645513011371328e-04
8.234201272236198882e-03 8.475089574304529166e-04
1.329242417962760853e-02 9.620794148511810926e-04
1.289350125872820371e-02 1.006105567969226965e-03
1.738204719515355420e-02 1.274418350065954992e-03
2.106320316057281455e-02 1.341545397637071034e-03
2.857087680441083855e-02 1.739870869526999146e-03
3.066265113874545520e-02 1.877914538939420928e-03
4.215163311449523359e-02 2.469569503688985503e-03
4.299493862765823432e-02 2.861538659625688548e-03
5.333994875083055559e-02 3.515188050193993746e-03
5.662193064603286002e-02 3.732594174456250764e-03
6.392132835611219477e-02 4.845078295780318699e-03
7.205376327571080819e-02 5.194520753260126363e-03
7.154824250329132329e-02 6.207012900982336080e-03
