-1.311729555109213564e-03 8.450030149307782802e-04
2.343769207120365450e-03 5.181862134681731666e-04
7.046270339896222590e-03 6.144437102130712947e-04
1.154228260327705251e-02 7.052957613727995397e-04
1.646979386741089305e-02 9.376099496882948567e-04
2.094039607721619872e-02 1.045448001404624501e-03
2.579303563060357171e-02 1.350033124880485776e-03
2.859076728697131434e-02 1.387292893350896986e-03
3.296625905320107325e-02 1.739566557163436163e-03
3.504868904384508127e-02 1.768247992255481257e-03
3.884572789337444737e-02 1.873206101887949990e-03
4.522874030383833288e-02 2.289427143036345483e-03
4.738820353005281788e-02 2.434731922389996722e-03
4.932696531226963416e-02 2.508964089289562101e-03
5.391921920491715703e-02 2.945303312296133642e-03
5.391963818190682184e-02 3.236663148980400365e-03
6.176213747440757046e-02 4.042334110909544427e-03
5.931244393286901062e-02 4.056494081874676208e-03
5.609177631962203314e-02 4.784241817155317211e-03
7.084218490377709732e-02 5.655888094485906487e-03
