6.665658206373672144e-03 4.871574335210306604e-03
2.111241424753584764e-04 2.798137767633171458e-03
3.451105305990847779e-04 2.281475893018890862e-03
-3.032449919899411306e-04 1.962780085912176585e-03
5.171244257013858300e-03 1.902446651375451969e-03
3.808069545972972425e-03 1.734907823030918533e-03
5.949969378238045316e-03 1.773073981981902487e-03
1.237938399826107871e-02 1.816814428331254075e-03
1.025746350080325962e-02 1.949102073291048226e-03
1.353556286523357674e-02 2.271277123849263242e-03
2.089247438354209854e-02 1.743370390718317238e-03
2.895906714166018511e-02 2.425128120752711135e-03
3.042760954188271708e-02 2.584615335629996194e-03
4.413284940454838962e-02 3.486050189980425141e-03
5.331073782312176906e-02 4.230434602882292630e-03
5.336654603785177114e-02 5.300086494478785035e-03
7.493015943432583537e-02 6.731846919235832949e-03
6.844819910111944739e-02 7.921280610947951245e-03
8.300353246107852745e-02 1.055884521133729215e-02
8.870382816244426483e-02 1.349372254432321984e-02
