-2.422552769040249143e-03 4.152706083689543942e-03
1.877507810808646182e-03 2.533102077157646341e-03
4.013602524357902379e-03 1.799693152924649936e-03
5.344444026177270698e-03 1.768946307041845481e-03
5.549832867229202715e-03 1.653751891136915524e-03
1.164166097234241998e-02 1.741058670713342693e-03
1.892849668931173915e-02 2.021672323960047556e-03
2.353354218115858223e-02 1.802908464716575102e-03
2.530516253247836259e-02 2.148328432907663406e-03
2.934260161829765554e-02 2.213831645238527844e-03
3.729771987566049551e-02 2.234388413938942063e-03
4.519723858181321635e-02 2.753200380518389286e-03
5.116624517447605075e-02 3.154008940370893379e-03
4.866607289129527142e-02 3.351386875833956176e-03
4.959644103448165864e-02 3.822815918946465604e-03
5.710714152192738341e-02 4.594466564686450552e-03
6.682681514805983991e-02 5.926484067616931244e-03
7.094587223081147420e-02 7.209546039164055516e-03
6.927822251626054861e-02 9.055079938375069221e-03
6.748639895311563108e-02 1.129845119474436749e-02
