1.244751931884590214e-03 5.301741760042053171e-03
4.772989618711569008e-03 3.245716386681350620e-03
1.195873309797346531e-02 2.768018916759032097e-03
1.083329513749675503e-02 2.368466801020410219e-03
1.895052490950991167e-02 2.399400291716707531e-03
1.981481984429386140e-02 2.331197429604463679e-03
2.353171167152021126e-02 2.412380122129929427e-03
2.204739461533763295e-02 2.396989553526797292e-03
2.430122052385055506e-02 2.870506763886992389e-03
2.332872170833546338e-02 2.672468206752871226e-03
1.614840933545175564e-02 1.869120461521686259e-03
9.859302372971988707e-03 2.096165007581040490e-03
-5.987363853414739805e-03 2.353409726799387484e-03
-1.196112737472175384e-02 3.314111868657232743e-03
-1.717331539493386836e-02 4.050406607621897560e-03
-3.895475708238287094e-02 5.454239068399944178e-03
-6.122544888439850758e-02 7.527700047522464279e-03
-5.797537042559772896e-02 7.965764394204453980e-03
-8.245729377415957073e-02 1.078315012173139756e-02
-7.692935905092719573e-02 1.599540636241371036e-02
