-2.535924451426361734e-03 4.561889871702923781e-03
-1.245405940006145886e-04 2.266485677135462225e-03
-2.477608683649517706e-03 2.101281739272930181e-03
1.346257715938268748e-03 1.831580866222597527e-03
5.321605443758137960e-03 1.517034435818673472e-03
4.673290211210287190e-03 1.712426684924782871e-03
9.948803861646923069e-03 1.790812922809985894e-03
1.332635414353148737e-02 1.669914017388975016e-03
1.629937628859405921e-02 2.052587262360192413e-03
2.467665377220321435e-02 2.027060677467265679e-03
3.082712081713917529e-02 2.055175052221392372e-03
3.965632220765192423e-02 2.568279149095485225e-03
4.301555976782932278e-02 3.013976424234831534e-03
5.458462600378206908e-02 3.640888355348461704e-03
6.282800285320194744e-02 4.305652850888160368e-03
6.415159337230263992e-02 5.317063860083035519e-03
7.341571424970214088e-02 6.733784390698578128e-03
8.624443047961746767e-02 8.008892948843647844e-03
9.253977521788694927e-02 9.167618195266959494e-03
6.632241605489422320e-02 1.287955968951141894e-02
