8.954435637243360899e-04 7.254895678765123888e-03
9.317660620664419344e-04 4.600582609924769306e-03
7.377304029505022016e-03 3.420900611125105972e-03
6.669620435617954271e-03 3.016205413928999251e-03
3.247510751769691530e-03 2.795424228629313310e-03
6.673095642952119912e-03 2.618608650230232638e-03
8.357976528269512803e-03 2.829105061988953194e-03
7.385624387248790682e-03 2.661485649119011473e-03
5.799943361379316341e-03 2.607994725444564860e-03
1.167797350277025026e-02 2.817548857439412888e-03
9.624902633772289273e-03 2.307719483059437679e-03
1.392027955878874686e-02 2.766348501891831117e-03
1.565075872740285742e-02 3.843396656795345766e-03
2.739172617396011880e-02 4.798681100486599897e-03
2.973442815798001820e-02 5.892285999643409426e-03
3.740415764107628271e-02 7.687534614560386295e-03
3.262980765942099376e-02 9.838124823044048020e-03
4.849965158785735780e-02 1.178718742271264545e-02
3.627436928709216329e-02 1.709811062215168057e-02
7.059545013613952036e-02 2.122032389089816701e-02
