3.347626850051046293e-03 1.017343947550252000e-03
3.276288525890902036e-03 8.263461384177496396e-04
1.327308729277649861e-02 9.672676256968570181e-04
1.535318702556133855e-02 1.111526046498078442e-03
1.682350145999728791e-02 1.152720121767044671e-03
1.800527638560873653e-02 1.321746292040686501e-03
1.751975546316581964e-02 1.227071526165220920e-03
1.310423430578343783e-02 1.259247053129443133e-03
1.136368479266922256e-02 1.385281102113529797e-03
9.443150154571811061e-03 1.336888433808851523e-03
4.404836406300987293e-03 1.044441526563828467e-03
-5.128857312471831950e-03 1.444463051486357709e-03
-1.339579240799389746e-02 2.109771382394046851e-03
-2.420255196406352963e-02 2.835906903035715233e-03
-3.772068757756948110e-02 3.897990370417107626e-03
-4.382496759541790882e-02 4.972293731245113965e-03
-6.160282751254971684e-02 6.265050890785178565e-03
-5.811740558699896031e-02 8.327288103262385152e-03
-8.170826800418329316e-02 1.045319985902572885e-02
-9.906646159918644501e-02 1.456769489131828042e-02
