-1.269021054382097951e-03 8.575881269980644653e-04
2.392421525460788640e-03 5.360042359489192295e-04
7.308735994296843876e-03 6.493501753979941246e-04
1.223415857470649265e-02 7.283252176840796822e-04
1.801119175632393335e-02 1.025409017095325719e-03
2.288657341560520683e-02 1.131570544400842260e-03
2.793210174341021618e-02 1.435675509683328934e-03
3.079886842579985726e-02 1.520540765312850765e-03
3.690481329420976925e-02 1.902264175903792265e-03
3.882834453273388553e-02 1.969685973442882390e-03
4.291418921586736407e-02 2.081383514456859943e-03
4.907555383646256680e-02 2.585771346119863402e-03
5.183700607400405780e-02 2.836867531079522668e-03
5.632751566805851290e-02 2.977221729181806897e-03
5.960099697855388012e-02 3.813955483902919854e-03
5.524830133601101728e-02 4.219485681881461267e-03
6.158674167064613625e-02 5.101555310956054114e-03
5.127758300552311826e-02 5.839499817260503794e-03
5.243747261661337727e-02 8.703660840632112747e-03
6.562281310724393801e-02 1.062146085271516681e-02
