3.260244418892671559e-04 8.193689808299106777e-04
5.094400078236562207e-04 5.265875347005456860e-04
2.361418866622179945e-03 5.334962175483433291e-04
5.780454084360981716e-03 5.839654321997023341e-04
9.397667690434794580e-03 7.774061317686935214e-04
1.410463046031448786e-02 9.199907909070033883e-04
1.645637088242233453e-02 1.106257512947085011e-03
2.229885698210492054e-02 1.337937396470136433e-03
2.492271400284698166e-02 1.612339546161620446e-03
2.948232446233374146e-02 1.897975002753003650e-03
3.675686930289329829e-02 2.108745650258325027e-03
4.598332629000963234e-02 2.693466728492971505e-03
5.230497108130734846e-02 3.181924240849545206e-03
6.123595115889626794e-02 3.761012261658709666e-03
6.894668185490028522e-02 4.478457877816096645e-03
7.379441053105073589e-02 4.921480250097607333e-03
8.220662514206147908e-02 6.241764930532069273e-03
8.396747256240544299e-02 7.430534252853728330e-03
8.005270254462754087e-02 8.454248510507036962e-03
1.045426928433463437e-01 1.073358324522017196e-02
