1.970567752320255030e-03 1.471486661353216480e-03
1.409822748420040380e-03 9.870086675966957459e-04
7.564592348735291703e-03 9.610852776270247541e-04
7.021539335350331958e-03 9.925060629959519751e-04
5.566756392789737329e-03 1.018962993797816385e-03
8.551143184062073507e-03 1.233652236896699752e-03
9.210804225651458843e-03 1.275260767800705675e-03
1.019430555741173902e-02 1.520960927058453678e-03
1.128185145773375440e-02 1.684097035372810218e-03
1.251939631352953775e-02 1.865309903025514282e-03
1.393894105290491812e-02 1.601590474510630833e-03
2.046921400138408675e-02 2.278147076655912852e-03
2.455196815248090678e-02 2.842280521237373556e-03
2.839826836917347733e-02 3.384283070847189743e-03
3.316645039159214076e-02 4.805360730235053689e-03
4.165622482740564958e-02 6.160986450508880441e-03
4.859739703636825614e-02 7.859002848889093049e-03
4.875289151928653697e-02 9.974833933967593158e-03
3.970989001840572602e-02 1.292171849363137233e-02
7.986897424216937713e-02 1.754930129758625404e-02
