-8.798057564522265925e-04 9.559689583481385507e-04
-1.216501533406760208e-03 6.323977772586967866e-04
2.389464372489469822e-03 6.189805499616502079e-04
3.257704725895686163e-03 6.293195671440411859e-04
3.728197817830503774e-03 6.974514428945721191e-04
6.511824344406723884e-03 7.698946842188256114e-04
9.093315255676392636e-03 9.450765919059309420e-04
1.396156122173673221e-02 1.082374045150751940e-03
1.458321734611733866e-02 1.166671283711820731e-03
2.026618813606547581e-02 1.455568623912616199e-03
2.393340734985375043e-02 1.557822525934635625e-03
3.272601857143365295e-02 2.098437700316444030e-03
3.787104608515721310e-02 2.410302386813804962e-03
5.417083127884804450e-02 3.173394994538957653e-03
5.003032870957239975e-02 3.823624588457379039e-03
6.344780595964198688e-02 4.793715280892900561e-03
6.278053060615641778e-02 5.189628201738567641e-03
7.283144290373673446e-02 7.368822479819139848e-03
8.858605146479708869e-02 8.591448859979177941e-03
8.426189610377415873e-02 1.169607732836049248e-02
