-3.128074756196541368e-03 1.688046495115332751e-02
-5.419796273965346231e-03 8.503724829504366936e-03
-6.916934606228450485e-04 6.548080293031893415e-03
1.615996466883397147e-03 5.822290480508392554e-03
8.858993514527669505e-03 5.157990016437367410e-03
1.844017559862723985e-03 4.680061565622528098e-03
1.564138495046961830e-03 4.698565919877900447e-03
6.740334833706989465e-03 4.146226422094029251e-03
7.230572735517573277e-03 4.066551322305165042e-03
9.869125031731295836e-03 3.716083418687928745e-03
1.383342490964088560e-02 2.578654241441326236e-03
2.923714131997811813e-02 2.879443878548215707e-03
2.867119207186390531e-02 3.107230545319826943e-03
3.658226353503571393e-02 3.165177310990893982e-03
5.064567309779443444e-02 4.011546602151812302e-03
5.325175782890114590e-02 4.796503529502573436e-03
5.684080008449844679e-02 5.612558982559169574e-03
6.141015861895480349e-02 6.041848498059440749e-03
4.866833391204564152e-02 7.732582129262218981e-03
7.499569672586374469e-02 8.757993479429630052e-03
