1.340796619665332243e-02 1.687539302750378292e-02
3.970225251186856874e-03 9.237429068968369336e-03
1.291947559937585768e-02 6.777945347544406078e-03
2.771890564993198872e-03 5.540938750298734193e-03
-3.190543819666362673e-03 4.844283393214348678e-03
-5.756915456428417233e-03 4.533070927072332251e-03
-4.113872823156014026e-03 4.902727966022022744e-03
-3.251543248994280457e-03 4.433762828655840073e-03
-5.127647936710684647e-03 4.129436657591208266e-03
-2.677324634184251144e-03 3.906161425078878788e-03
4.736535931725988080e-03 2.645296983268862704e-03
9.067287432619631354e-03 2.799221794648417121e-03
2.527096542208775304e-02 3.017973546408735715e-03
3.401021846214433847e-02 3.306820157474406156e-03
4.429903905970455219e-02 4.186969134542837395e-03
5.091272608690889517e-02 4.311464494415016835e-03
6.032348643990996517e-02 5.325172894001716818e-03
7.615439262920666030e-02 6.467597504714272388e-03
6.953677736551544530e-02 8.074511151668706602e-03
8.087907792561130349e-02 9.355375760728154924e-03
