2.627692081317935247e-02 2.751357722434007863e-02
7.961981302256688348e-03 1.460622517357254568e-02
6.870511992661219001e-03 1.238745846578434041e-02
-2.937177443462076973e-04 1.014116490480410256e-02
1.281795340491333896e-02 8.513115344739577081e-03
1.689635480762710553e-03 8.680594552507246361e-03
7.350689078320173792e-03 8.291476472620259650e-03
-1.033501128809621861e-02 6.976011435153315135e-03
1.867135471098081787e-03 6.671393187611189025e-03
5.339755496716161107e-03 6.889272422412368209e-03
1.157301612662432234e-02 4.252575521366544313e-03
4.242325440808019342e-03 4.438341145438408873e-03
1.223007992052157697e-02 4.627443745035228137e-03
1.415350940543527031e-02 5.591545120176904735e-03
1.830007482503828720e-02 6.370188303639052856e-03
2.440073418350747342e-02 6.973499083260624280e-03
2.980352227551681665e-02 7.581799493569735607e-03
4.071610937376749645e-02 8.885479489189600233e-03
1.865416098175675524e-02 1.127575393604048591e-02
2.457078191506320564e-02 1.523414175789955180e-02
