-4.031047353068753503e-02 1.872835181161152523e-02
1.550919833286918195e-03 1.030555983848759766e-02
-1.033483700228950662e-02 7.396592097305333506e-03
-1.128683061836360368e-03 6.402867883647223556e-03
-2.717165025862979845e-03 5.198567109672131044e-03
-5.613580192637369556e-03 5.431876863988083746e-03
-6.983577029303228607e-03 4.843858489817581825e-03
5.408332102714793338e-03 4.921231468714890554e-03
2.316759576086583217e-03 4.351694980064308056e-03
-3.866669303629113701e-03 4.398158343172407260e-03
3.485067001874567021e-03 3.091911913248604482e-03
1.185805223049118257e-02 2.934254952123266803e-03
8.935830029585424897e-03 3.127638627317538486e-03
1.928920696180826816e-02 3.397825202087389508e-03
2.372573067998340682e-02 4.093975983447263427e-03
4.597995704722704358e-02 5.048058546048735107e-03
4.662021209150207096e-02 5.806025339808914762e-03
6.329372142293124281e-02 6.696754493970483516e-03
6.038954630912048149e-02 7.645874842392487783e-03
6.436337955551996171e-02 9.351978062071972936e-03
