-2.717898221861288904e-02 2.123027033604591926e-02
2.514103891770778053e-03 1.003587892025957842e-02
1.664158811058088355e-02 9.162804498962210178e-03
8.480063741099209268e-03 7.209073754240264732e-03
1.099519172966345777e-02 5.990870661754610881e-03
9.152814176884587274e-03 5.549551629362162869e-03
2.029795375342064237e-02 6.158457395254826258e-03
2.636952724265074696e-02 5.553533801863497731e-03
1.181789831513572683e-02 5.247597060950451829e-03
2.770799775641432164e-02 5.379393512511195484e-03
2.681014683863273268e-02 3.477150549101928889e-03
2.149250390467353708e-02 3.489683712983388843e-03
2.115538425922939419e-02 3.948895523392255760e-03
1.827314449504274796e-02 3.962869589336299320e-03
1.599837328569966161e-02 4.861626147541508493e-03
-1.845245664093791808e-04 5.071470210078469175e-03
-1.479124500466894553e-02 5.923368620242123322e-03
-3.007096366185109393e-02 6.954097973681680651e-03
-2.873536509748961937e-02 8.740930483898019798e-03
-4.644999170170766023e-02 1.078963143091928728e-02
