-3.713751292087481837e-02 9.313107818542556982e-02
-8.877558016187584930e-03 4.656638109470923742e-02
4.289020310562847299e-02 4.254082382314350319e-02
7.899521257272580643e-02 3.266291730738167531e-02
-2.594890512970602497e-03 2.707265095056118551e-02
4.408839764599135208e-03 2.486507359983963078e-02
1.219727696812334533e-02 2.356777092614272331e-02
1.228256739242598004e-02 2.027304562206826838e-02
5.449239022696758354e-03 2.147924838572200582e-02
3.312893805064639347e-02 1.901677518087684093e-02
-3.121713977455769454e-03 1.226591773471764554e-02
1.226074533720387938e-02 1.240932241588189704e-02
1.256766591566339970e-02 1.253832094738829318e-02
-1.012735669427873575e-02 1.363498221347990078e-02
2.822029712608357943e-02 1.383685806618802083e-02
3.516155411613303833e-02 1.567110161531873672e-02
3.229962456228955420e-02 1.830596252746505975e-02
4.811703838474760270e-02 2.110674425022655842e-02
4.308876747217037922e-02 2.270803697282237563e-02
5.200180913366652530e-02 2.965910452538319739e-02
