6.405965236137189933e-02 5.732733850147590099e-02
-1.787313427110362798e-02 3.031832546949993212e-02
1.142830793120433973e-03 2.352947865411971970e-02
4.365469697215781930e-02 1.927503906112436674e-02
-6.766643461436761334e-03 1.801717441288925789e-02
2.244006339971087172e-02 1.562318810501140028e-02
3.383997951490198830e-03 1.447453281816610260e-02
1.772172437672660077e-03 1.326404048346965792e-02
-9.877443736753827724e-03 1.315533270804874512e-02
8.828161586637699523e-03 1.254095732146678042e-02
-1.545821262056825719e-02 8.347209789084535092e-03
9.040729089137007624e-03 8.304611350633168271e-03
4.901669744016480361e-03 8.189816979264600769e-03
1.752080494463038873e-02 8.355675382447752195e-03
2.584319712358158078e-02 8.140283481131313503e-03
4.811219299147291573e-02 1.080963236851919564e-02
4.525071111337601593e-02 1.029723350609542190e-02
5.767856634227257195e-02 1.271023815499024157e-02
5.662565657264327645e-02 1.631811494618012545e-02
5.768791323596002274e-02 1.757069797301797839e-02
