1.115389066129082035e-02 4.805208265291873587e-02
-2.644868493532891510e-02 2.762317098796637435e-02
5.134267091756381657e-03 1.973282330085943462e-02
6.429803871104772077e-03 1.788173742288923923e-02
2.199971865633098406e-02 1.576538722375455184e-02
-5.506209792741366231e-03 1.435738144718634070e-02
-9.793921962246191718e-04 1.272980765781107568e-02
-7.106053156799403518e-03 1.235234556837551227e-02
-9.556857786020934303e-03 1.186126438008684031e-02
-8.688400008672374220e-03 1.158850831615589744e-02
1.568929662149883475e-03 7.515505796353665752e-03
3.424597161696219926e-03 8.219501253267336507e-03
1.015665914612299235e-02 6.932305069217475219e-03
2.858059502200351737e-02 8.327509016721133459e-03
1.938715351279883883e-02 8.034712534673138506e-03
5.533091893971485431e-02 8.893623871995536348e-03
4.428720726470591201e-02 1.006483603269618145e-02
6.134400829861913484e-02 1.144737603685686868e-02
7.878379317240524760e-02 1.442538749222913030e-02
6.584642761522428722e-02 1.654502532366070727e-02
