3.593769534730012483e-02 6.310168516998032606e-02
3.054042572160019318e-03 3.412266150484357524e-02
-2.092238916876399193e-02 2.586402295660251288e-02
-6.240783220944057068e-03 2.216529231502828781e-02
2.484053192965070527e-03 1.973549982682084800e-02
1.783650483661596703e-02 1.741552084457977448e-02
2.838318040546101637e-02 1.806219487946503222e-02
3.430171154349213880e-02 1.575412241471424793e-02
6.446818493499205903e-03 1.506119342164211755e-02
4.206111720294753581e-02 1.458846591908003788e-02
2.215996574644809453e-02 9.209292206431966138e-03
4.123763520489216738e-02 9.554443436092621353e-03
4.185402591026742003e-02 8.911747059910463120e-03
1.891699518212687156e-02 9.563251659781373676e-03
8.419493430797632058e-03 9.697087923459130412e-03
9.907545383593591160e-03 1.107653337735470082e-02
1.277689726326402923e-03 1.239862514515054082e-02
8.106663628237933961e-03 1.468373023812546974e-02
-6.647680301764675309e-03 1.735566179121059149e-02
-5.134418171349704185e-02 2.004510065480415854e-02
