2.318478511362055336e-02 4.652822671839808299e-02
-2.171230175514338168e-02 2.638842377239181483e-02
2.460927379277836127e-02 2.246009171348884587e-02
-1.973738546043079297e-03 1.949155538742045751e-02
4.963140290184605077e-03 1.534082977593519137e-02
-5.485716351478204036e-03 1.409247894142463993e-02
1.038460085656607058e-02 1.314745689545810357e-02
1.791619079552126542e-02 1.264284638560669687e-02
-2.568145994100172816e-03 1.096861437910882572e-02
2.220871846471341934e-02 1.103476058779907787e-02
9.087208282125107395e-03 7.443218702349824710e-03
2.226359701444093411e-02 7.249313373777338358e-03
3.158082135922080091e-02 7.179023536001650704e-03
3.228725235984186703e-02 7.567026367806583068e-03
5.150154973380637047e-02 9.130823181689520784e-03
4.321072406543379624e-02 9.040289914140440392e-03
6.338874112563311347e-02 1.035117972548346178e-02
5.971353014379753715e-02 1.206773697538552660e-02
6.912815492326043754e-02 1.403360312326003626e-02
8.469053463141926197e-02 1.714002492104352293e-02
