3.940709175757556651e-03 1.157937112397195850e-01
3.096981409026575496e-02 7.092687171461350970e-02
6.375441583133509282e-02 5.500553561824828713e-02
-2.773416738783463301e-02 4.779117912034173271e-02
-3.511379482827645115e-02 4.014987187237606392e-02
4.833572765186683329e-02 3.750900277431127444e-02
-5.935303866680761292e-04 3.570359238973446619e-02
3.316634771693022926e-02 3.315444549110661832e-02
-4.023671591519278196e-02 3.129032991714923717e-02
-3.490771373744039341e-02 2.809945567845602288e-02
-5.516056795685301585e-03 1.700942616548334341e-02
2.474566925674041157e-02 1.714627819597406080e-02
-2.199851603926618673e-02 1.743151145550244502e-02
-1.509920046522267821e-02 1.814877598758228225e-02
1.352343582012059155e-02 1.797262909192665764e-02
1.580463499862661686e-02 1.981472616760300218e-02
1.774292956429170121e-02 2.285807925936097010e-02
3.104837815250862526e-02 2.751259520201723013e-02
3.094538280596514576e-02 3.217383886100701196e-02
4.719345454605582829e-02 4.164942979160898145e-02
