1.113072152695116918e-01 6.672470958420956277e-02
1.742858304810483705e-02 4.330633351221660488e-02
3.727846703000706891e-02 3.014904310374860383e-02
2.792177318291366728e-02 2.713410156376155208e-02
1.098574817274422175e-02 2.340134228237059771e-02
1.694526904718821059e-02 2.075548696703482035e-02
1.741051365201399734e-02 1.932992111046204914e-02
-5.033368465795994527e-03 1.846938897130996626e-02
9.464935746467921171e-03 1.799164830169641335e-02
6.273171294177920868e-03 1.572278322889185398e-02
1.633747967635489594e-03 9.572756466868184710e-03
1.598805803225828229e-02 9.354893168835849357e-03
3.412855173996269531e-02 9.517473245566683560e-03
4.817196847551870331e-02 1.113463548763569955e-02
4.065605218857235026e-02 9.810039190080633090e-03
4.279162949364724577e-02 1.087496984846029503e-02
4.867907037277530158e-02 1.441187945119823399e-02
4.787615505337129707e-02 1.557674987791537839e-02
5.083972298819550845e-02 1.745814667598872411e-02
8.324531345844431163e-02 2.245071500223834449e-02
