5.641648706372009991e-02 7.011238501741198781e-02
-3.587431135973423359e-03 4.357083242439502291e-02
2.993179208862761179e-03 3.221031882023952381e-02
-3.457712914825341460e-02 2.822255194626648034e-02
-5.290909900647339584e-03 2.580977783620782770e-02
1.078725625862050376e-02 2.170403357869156794e-02
-1.225362698963936708e-02 2.107281854807796853e-02
-1.502610565669561596e-02 1.912245481419915655e-02
-1.363292071621351881e-02 1.699822183581194829e-02
-7.990589702046177467e-03 1.737218330611289829e-02
6.463894980054765184e-03 1.060578793085502868e-02
2.598099670754784249e-02 1.064963464466770968e-02
2.395543160160828328e-02 1.004440654659047479e-02
4.498668111352822907e-02 1.140775549635575717e-02
2.839356258448675480e-02 1.082156510719841161e-02
6.166599208197327125e-02 1.108051624435240842e-02
5.560143864097887717e-02 1.411470592256629068e-02
8.898286036310813774e-02 1.587262963567285384e-02
3.810292342340324684e-02 1.619567103360139079e-02
6.723060932908186960e-02 2.283610485476803356e-02
