-1.018911289525415570e-02 7.735349101316793541e-02
-2.695453332845101913e-02 4.651005682585311607e-02
-7.892830243044474114e-02 3.595207554846679976e-02
9.181738827268659878e-03 3.074145780625002142e-02
1.902900531697117315e-02 2.483650375557007461e-02
8.752085288964046861e-03 2.261889870664918201e-02
2.124518015634252466e-02 2.160875731792888735e-02
7.887985750575657318e-03 1.903555568947041740e-02
-5.668541522821540085e-02 1.761750518979520591e-02
-1.612944776110101586e-03 1.765511168198767231e-02
-3.180555232979636292e-03 1.187680438129273645e-02
-4.954778793524442296e-03 1.133950997837144571e-02
2.402847900456870842e-02 1.139861006796351155e-02
1.310948119071659798e-02 1.097711472192015869e-02
2.206478011579675672e-02 1.266626891702995507e-02
3.377905314207461235e-02 1.285921860795218377e-02
2.707946852307903038e-02 1.324676398606805007e-02
5.740602090952440922e-02 1.793692448681766943e-02
9.255005278619350684e-02 1.752799326872571742e-02
8.256331972060124147e-02 2.419032399535490929e-02
