6.935960488384625144e-02 9.730015665754569720e-02
-6.406368449939638110e-02 5.481782573606226727e-02
-1.982935002766472027e-02 3.737315990239671593e-02
-2.253734047505764893e-02 3.301633472775343525e-02
2.786299784538897109e-02 3.021416340153778440e-02
3.381442303565858343e-02 2.662788094448766824e-02
2.082165201901295740e-02 2.377134124816662059e-02
-5.140177864633862885e-03 2.461052050550626563e-02
2.499721736296431698e-02 2.196206933359699104e-02
3.260316143544721157e-02 2.218046492872399050e-02
2.193294945840312468e-02 1.373018569995200673e-02
2.892008237819926678e-02 1.425642984266806655e-02
6.164572405168845803e-02 1.252731845428122631e-02
2.330959208321740569e-02 1.298160931451828280e-02
2.325122104622323604e-02 1.320314820272597625e-02
1.722830748515970581e-02 1.510537638798843500e-02
2.952504502297940872e-04 1.763653016872375814e-02
-3.886753112829473278e-02 1.917855688739758882e-02
-4.695340257019086500e-02 2.072924633925311844e-02
-1.096115359446025485e-02 2.665354604847739589e-02
