-1.964907072078244039e-04 5.602927837714276370e-04
-5.495483913844639726e-04 3.789799680219908991e-04
3.240900189319548003e-03 3.732513007076147414e-04
7.096564700616214867e-03 4.138299257593227145e-04
1.240412170103909889e-02 6.135649764057756047e-04
1.701333906261670234e-02 7.377085104647480591e-04
2.382175669194788389e-02 9.931500457794741141e-04
2.969592322473078513e-02 1.196246925801071207e-03
3.439086296831427719e-02 1.410028246602522276e-03
4.073342981337485513e-02 1.593621272163798152e-03
4.782348887278606991e-02 1.825225085796842485e-03
5.677261083361365146e-02 2.189243170854007596e-03
6.656470771892643301e-02 2.542542410974410819e-03
7.684159599200439394e-02 2.974864583354724142e-03
8.252055294356037962e-02 3.198578348206549196e-03
9.300394720822154071e-02 3.690249267787493615e-03
1.014852958780036729e-01 4.054086521848334658e-03
1.054651650284797459e-01 4.523913146880626651e-03
1.145426888165567009e-01 5.216418816834838927e-03
1.231367419314344097e-01 5.641893844104428103e-03
