-6.574532825141601866e-04 5.809152950829973069e-04
1.364446261113874779e-05 3.949240795291835879e-04
2.394599621809693872e-03 3.578384601128100739e-04
2.275787774745469203e-03 3.644628659859460600e-04
5.397149028955605665e-03 4.204043979033744022e-04
8.101054073680839102e-03 5.344539497398793524e-04
1.085185086733678195e-02 6.191324634214305641e-04
1.513372632588942668e-02 7.145527356528832540e-04
1.785763959419633604e-02 8.282051912207159545e-04
2.215873647152554610e-02 9.652708747496475603e-04
2.705477953672455818e-02 1.055933673719044313e-03
3.509266400906124739e-02 1.336437699683694011e-03
4.274260243820592053e-02 1.662178173901650942e-03
5.082889470877757082e-02 1.957719603115655200e-03
5.520832966068019848e-02 2.269548239168021463e-03
6.436371861600928557e-02 2.520897272690172334e-03
7.190872445911454525e-02 3.257063884378899685e-03
7.824142184951189682e-02 3.587412272337367394e-03
8.450534444197783934e-02 4.161339953297097521e-03
9.528806751975851808e-02 4.978017011546188864e-03
