4.685795542515880396e-04 5.475440768054281888e-04
7.380784076563653463e-03 4.106568541069925628e-04
2.048163855067602207e-02 5.853186119245099061e-04
3.520217332835628293e-02 8.426537575262115290e-04
4.904447024101162705e-02 1.151787297211760231e-03
6.280083087299624667e-02 1.425847455931458221e-03
7.403788112226801499e-02 1.671416928409564292e-03
8.688202898064210922e-02 1.988074380627880607e-03
9.685466633443182149e-02 2.186389776653971991e-03
1.077086046394171298e-01 2.452063424946623882e-03
1.209153753793231340e-01 2.646386776514718982e-03
1.363330397307543351e-01 3.000489664052249233e-03
1.527554944144796922e-01 3.351311250547228410e-03
1.678736757654466782e-01 3.688779042147567223e-03
1.801845953117318655e-01 3.903629600235467706e-03
1.950353964180283339e-01 4.318290258762807858e-03
2.052816543331243415e-01 4.646099626449883176e-03
2.148134268236553124e-01 4.890443418227412298e-03
2.292081600274371578e-01 5.334235064093751678e-03
2.414988663027646254e-01 5.956453814613819550e-03
