1.128045648137925754e-03 8.151401108867995307e-04
2.366655536571925664e-05 5.218900993715098330e-04
5.422946512058022389e-03 4.962510209229961536e-04
4.688844100738897430e-03 4.878382341796392630e-04
5.842555001561167138e-03 5.437000106911328090e-04
7.196679474119963872e-03 6.113774107486829755e-04
6.964534929647720439e-03 6.905223208195038296e-04
8.874710839095117237e-03 6.704707765135700746e-04
9.400604858923123502e-03 8.536195894979180503e-04
1.195532010864379380e-02 8.702902074335030092e-04
1.484943777591802259e-02 8.108659419281379413e-04
1.907275943934341744e-02 1.071350613345369929e-03
2.246451864699483547e-02 1.281523523923029217e-03
2.830104795123509001e-02 1.805940686677232889e-03
3.412498565800351630e-02 2.033421074200554221e-03
3.627392389931908406e-02 2.409336416477769142e-03
3.910911800099473729e-02 2.868463107071546857e-03
4.876494828243666674e-02 3.681818935164270570e-03
6.002629229736516914e-02 4.452215102238562053e-03
6.002784470489445912e-02 5.674446142174025681e-03
