1.632126005310703286e-03 6.718912508403044551e-04
7.088081714026217041e-03 5.373394981016378028e-04
1.648803134136882231e-02 7.016566313691677140e-04
2.071029595318433364e-02 8.501571087810383615e-04
2.270303181928360475e-02 9.517660869761304480e-04
2.139618136942300283e-02 9.142679534979054889e-04
2.039158806016497932e-02 9.054430467853524182e-04
1.899576104538784269e-02 8.909588296676861866e-04
1.581047447644522153e-02 7.943460747650446605e-04
1.447829306631470345e-02 8.471778556312262003e-04
7.485326889199154891e-03 6.451191523295278854e-04
-9.750816667246671584e-04 6.749904788624047939e-04
-9.270991867756702559e-03 9.480213461652522338e-04
-1.860902400678801985e-02 1.343605562718283748e-03
-3.080733920159514638e-02 1.815458102867956169e-03
-4.073221583663632489e-02 2.273202463009465178e-03
-5.518600223249596481e-02 3.009462638836732287e-03
-6.184010797735437631e-02 3.604122221530062491e-03
-7.894504249178814492e-02 4.433928945378541250e-03
-9.062367727017967001e-02 5.509387092938774870e-03
