2.688247500187180249e-03 3.403340600455160778e-03
8.705198467533516171e-03 1.997871928400658890e-03
1.512929586643083427e-02 1.791886440593733936e-03
2.266396562056516295e-02 1.677005300296364673e-03
2.954520106586737416e-02 1.765338592098014041e-03
2.882088466355148260e-02 1.803983629751481754e-03
2.848967761080359665e-02 1.638057774621564646e-03
2.966683526062773371e-02 1.752177190423407456e-03
2.670796969966227410e-02 1.726629929589658862e-03
2.454986745383685304e-02 1.680869642385204258e-03
1.434816025760083866e-02 1.270570046624660675e-03
1.471863478206957010e-03 1.324181033618585792e-03
-1.008511076819013086e-02 1.732823290764767604e-03
-2.354473534486236502e-02 2.499946571334717236e-03
-3.967589518804407606e-02 3.193423154980641089e-03
-5.129242942572057734e-02 3.910375440473901933e-03
-7.908923571767599581e-02 5.371252530088912840e-03
-8.067203553453865250e-02 6.648264021651219963e-03
-9.982270581076516103e-02 8.538815141191249611e-03
-1.217339587525024663e-01 1.096083056830097005e-02
