2.255674178695099130e-03 3.969753971292409693e-03
-1.051940717758750345e-03 2.244091488195291192e-03
3.958286865828544374e-03 1.830732010477926532e-03
4.335471851773757025e-03 1.694065864981416595e-03
3.480131042029645846e-03 1.695461552782210083e-03
4.439131637377072802e-03 1.491559460763847373e-03
5.126501830996354515e-03 1.594440279339223981e-03
6.102015087018006212e-03 1.547654087571730553e-03
8.408820207748067890e-03 1.805413340862936037e-03
1.053862702822081290e-02 1.869518618379467992e-03
1.376322914710335042e-02 1.461881342434998704e-03
1.892064015453227832e-02 1.802847675750511320e-03
1.937873058215780486e-02 2.172116993699178909e-03
2.888474966134114280e-02 2.926447684057742298e-03
3.990321757722805479e-02 3.611281964480362802e-03
3.965290034827329696e-02 4.324376022993732353e-03
3.961975886191766716e-02 5.337440275127877665e-03
4.652882602538620932e-02 7.103516898582666432e-03
6.594063816174434989e-02 9.193256774920060756e-03
4.431191622569787686e-02 1.251878334826348957e-02
