3.543230496002708601e-03 3.210562633743869587e-03
3.188361815406825193e-04 1.766172079591032430e-03
2.117226200321215013e-04 1.470058729302213454e-03
7.390149873125319378e-04 1.257800583430664348e-03
7.349309496069121594e-04 1.265365679533523701e-03
4.991222080443151292e-03 1.286619937403559203e-03
7.000974068246205648e-03 1.196212704350322958e-03
9.335356428453017372e-03 1.306321536760131829e-03
1.445772912277567060e-02 1.318017721837292733e-03
1.881885047368284450e-02 1.426362020567008412e-03
2.637647890637778714e-02 1.356436248202642610e-03
3.290408823660140314e-02 1.678362303583166935e-03
4.651204868112286672e-02 2.259110849109032589e-03
5.595435194036439686e-02 2.690473784743642113e-03
6.115585752124812202e-02 3.043914025547361964e-03
6.755509788619075418e-02 3.649714612771259165e-03
7.126783426229858776e-02 4.592374966739828576e-03
7.683260176829934118e-02 5.401909543395440501e-03
9.048608020548029596e-02 7.453258606355116223e-03
1.088068850175502589e-01 9.538324841394028170e-03
