-4.357135345636683490e-04 3.001921213849673056e-03
-2.821246777734174281e-03 1.698000375985758877e-03
8.027020645101226939e-03 1.360125846496111710e-03
1.516775168692790880e-02 1.261040230116774541e-03
2.384247728597085197e-02 1.260534857112542619e-03
3.869314703095817765e-02 1.375818775248850582e-03
5.149650778173801152e-02 1.590458784659614733e-03
6.798883038876495088e-02 1.871023214142337630e-03
8.215092926697455111e-02 2.274834008569380332e-03
9.700709661935522088e-02 2.563320968918809777e-03
1.160555225901996751e-01 2.722541100432037016e-03
1.369946713758931622e-01 3.207762626243916386e-03
1.576921150709371944e-01 3.698826728253803726e-03
1.748326479814415746e-01 4.128984049806288907e-03
1.931045546920935885e-01 4.613318244727659945e-03
2.060380886552797275e-01 5.061257960424355058e-03
2.163267778528289997e-01 5.969017881863908359e-03
2.203537368032309485e-01 6.714877946886622234e-03
2.353132653899395743e-01 7.759325941892203198e-03
2.414494140126038912e-01 9.706568318989614724e-03
