1.274566842678453039e-03 3.167732528601835407e-03
-2.258123644091836950e-04 1.786546370426925212e-03
2.326846393685007806e-03 1.298387714697049394e-03
1.762151637450998665e-03 1.262648021102469060e-03
5.691299271390090446e-03 1.119717649715658335e-03
8.652095105309216480e-03 1.217878197196245373e-03
1.634774443096340471e-02 1.287577734223232595e-03
2.169076071413882784e-02 1.431058400046538674e-03
2.720046400373866621e-02 1.615422365281803541e-03
3.625493392477634191e-02 1.792972341007297151e-03
4.504383033041608336e-02 1.970120402531299209e-03
5.731231160994295498e-02 2.438001810432865752e-03
6.904289823090038747e-02 2.875637978485578918e-03
8.103452111304682015e-02 3.422957290674667405e-03
8.792624712020269406e-02 3.999986644267632813e-03
9.899375146981725937e-02 4.890074069721435553e-03
1.081150515293716752e-01 5.318424491510738775e-03
1.060743994945152063e-01 6.426394342896732913e-03
1.215221445797251970e-01 7.901078043099028433e-03
1.155357798331185376e-01 8.934250546736906967e-03
