-2.722968593953511030e-04 5.651681884735945943e-04
-5.791066466355440688e-04 3.888967629557622731e-04
3.333360231500792116e-03 3.881099160163545454e-04
7.702821552691988850e-03 4.421562651808119606e-04
1.346846829756836485e-02 6.638112252617341157e-04
1.902760582152847324e-02 8.121772727522220394e-04
2.611175565648548441e-02 1.083430309039260788e-03
3.323260694642753144e-02 1.339263379774906877e-03
3.871480399768281733e-02 1.599093563540408564e-03
4.544039825873671251e-02 1.803006519008790816e-03
5.352006995239415310e-02 2.045241230789579014e-03
6.433488312856067148e-02 2.486237165472073192e-03
7.589928404267096140e-02 2.962326094462044892e-03
8.839454256013501432e-02 3.590618411136864419e-03
9.268205792697500889e-02 3.694114980884638782e-03
1.043095472220411796e-01 4.290981037640305071e-03
1.112854434570192397e-01 4.949673700679780609e-03
1.162974727330376712e-01 5.943127418220871434e-03
1.207103806064119683e-01 6.874614305873191604e-03
1.280381688023930487e-01 8.469651125336555286e-03
