-8.814095910624581906e-04 5.842243068653052429e-04
-2.542207637278320428e-05 4.023059573272628098e-04
2.609740237663821499e-03 3.716374220188552115e-04
2.462043320131898985e-03 3.922455209535671188e-04
6.080358619027110070e-03 4.535589042191168554e-04
8.920140425682239471e-03 5.703846933038411553e-04
1.208345957217309141e-02 6.917717541511413711e-04
1.723583469929998446e-02 8.365961556839606210e-04
2.028341568869040240e-02 9.631659634799690775e-04
2.484309636341384270e-02 1.124683792589723473e-03
3.059757707727448622e-02 1.260063322011749148e-03
4.122678987069536283e-02 1.603579019579536935e-03
4.942039259023985054e-02 2.012360812850682093e-03
5.925464855946177556e-02 2.400619424224025803e-03
6.487074603497190728e-02 3.006927807142889802e-03
7.353610112394601273e-02 3.248283068415680486e-03
7.982179906124492463e-02 4.424287518331787919e-03
8.701711051778371342e-02 5.141307826450562841e-03
8.805180138421282721e-02 6.475825659339464260e-03
8.125825361565491844e-02 8.459854285976894234e-03
