1.154907408712699040e-03 8.411489686142188931e-04
3.101311899835634432e-05 5.304781650295282633e-04
5.599097871766581594e-03 5.111422965001409741e-04
4.774315360395847176e-03 5.248382008497418051e-04
6.203794317828077547e-03 5.777316059032300971e-04
7.697772738028610742e-03 6.809964365390533967e-04
7.760140671646236464e-03 7.650731500424914639e-04
9.766471254433372468e-03 7.857094060967872691e-04
1.053381368982857745e-02 9.506786296183470904e-04
1.329901397518790107e-02 1.037188423679199232e-03
1.662383407054533052e-02 9.533645756173544017e-04
2.170868500570976092e-02 1.301879189649926332e-03
2.833698882551217990e-02 1.768485904284838395e-03
3.387783363849192902e-02 2.355196592628366458e-03
3.687720266215577247e-02 2.778552652982786003e-03
3.920517475437488436e-02 3.696377135887472971e-03
4.648350460904420584e-02 4.661722371723998892e-03
5.014538448902070705e-02 6.197114676598500412e-03
6.110732818518903320e-02 7.870608842080656364e-03
6.342085590368741477e-02 1.045682349628115557e-02
