4.428745625241932438e-04 5.588435625020246166e-04
7.924743826340129721e-03 4.286002047467301593e-04
2.153190640534628428e-02 6.169786750082009328e-04
3.767572044638389100e-02 8.930301825562207436e-04
5.319443924299037396e-02 1.245530439501129185e-03
6.828066884624131583e-02 1.549106430516916785e-03
8.100550312104372319e-02 1.815161953674128198e-03
9.507077091909743594e-02 2.176612091703901929e-03
1.067891882385810925e-01 2.378214877394663456e-03
1.182834065871081475e-01 2.667968361403203533e-03
1.331978812767697085e-01 2.896127247283767324e-03
1.516818698374209073e-01 3.330117023071113222e-03
1.708661881134897476e-01 3.738860409574029740e-03
1.885658035522571885e-01 4.157084109595155126e-03
2.018803103696941992e-01 4.433894306350049351e-03
2.133927710517608822e-01 4.943777751112364907e-03
2.236576550511396311e-01 5.456793062490270484e-03
2.309536714075429154e-01 6.036451073616638796e-03
2.334483507501577959e-01 7.097614550045354236e-03
2.488558903920553012e-01 8.769678790971848284e-03
