1.587304330862755698e-03 6.880919353222409319e-04
7.041938769320668992e-03 5.484553341857162020e-04
1.663900086090600722e-02 7.219478735505196988e-04
2.067594923143893995e-02 8.534012985237339954e-04
2.193629362391256304e-02 9.446437692616085164e-04
2.013517904596706654e-02 8.812900286320654282e-04
1.872832586159874080e-02 9.049646914972250041e-04
1.579649000140297480e-02 8.659066300308450401e-04
1.143094767467196099e-02 7.586284936331348172e-04
8.853565258348685199e-03 8.896785066325204163e-04
2.174296541391120398e-05 7.250282035591183033e-04
-1.074883518102201681e-02 9.745452319475073717e-04
-2.424066931533676653e-02 1.450415810433742288e-03
-3.541937316314170553e-02 2.086248798154736062e-03
-5.348910204223990272e-02 2.899976361619590898e-03
-6.844121617601331420e-02 3.759467788105544210e-03
-8.436535737579405059e-02 4.679079041696115361e-03
-9.814638502554522137e-02 6.319751645707387920e-03
-1.206819686066775560e-01 7.873801580170746231e-03
-1.259107370513121160e-01 1.000714289999545502e-02
