-1.506552777189780305e-02 1.497506104727725461e-02
8.473165797258827917e-03 7.887165831908019703e-03
-3.802502382247778707e-03 6.474468800522128337e-03
1.083681908952161118e-03 5.820907192936008480e-03
2.702211718163072783e-03 4.888119792927638277e-03
8.606857442903780367e-03 4.452378305637131814e-03
-2.819673052056860096e-03 4.231811291373505438e-03
3.359319317884938358e-03 4.077454149904696616e-03
-3.123591044309471237e-03 3.844024217901684248e-03
6.657610015695778665e-04 3.674691224099336205e-03
4.805442380352758017e-03 2.540193299239233704e-03
8.381496280370477267e-03 2.612645566572761608e-03
9.969319973084566841e-03 2.811867273237157305e-03
1.772885179317304147e-02 2.992420459678544770e-03
2.677836648049887122e-02 3.444777504974004881e-03
3.400684967855426011e-02 4.203413868965971689e-03
3.082003240404709160e-02 4.989610914474857176e-03
6.346803727369230985e-02 6.075772715468493596e-03
5.412616866951698580e-02 7.208193155712890390e-03
6.212185648947717714e-02 9.603390699652342849e-03
