1.400995182198132294e-02 1.031826674166301180e-02
1.895638224277712992e-03 5.625907411366390908e-03
2.804018242656102812e-03 4.571640599612548060e-03
-4.257261227967937961e-03 3.734058096719987223e-03
1.604369969637486426e-03 3.576176789502337125e-03
8.146517361370921723e-03 3.080157789427849947e-03
1.018323168028233659e-02 3.123336378692599408e-03
1.841105313988691816e-02 2.785295573122708711e-03
1.503007573216525068e-02 2.672473765868928902e-03
3.349144994637599793e-02 2.619888241457727415e-03
4.940745117075893977e-02 2.175826072753748400e-03
7.236996201598486222e-02 2.404873910502176772e-03
1.026756793348437280e-01 3.012944078737990559e-03
1.280999709119318430e-01 3.584830511881768964e-03
1.481071266583675328e-01 3.963134277822943571e-03
1.795041856702633554e-01 4.831099173259494582e-03
1.941364836805949123e-01 5.131833139900088617e-03
2.095677005672051674e-01 5.589389673242151427e-03
2.284943017513127173e-01 6.661348167791092748e-03
2.503672716086883798e-01 7.923629096070586991e-03
