2.918399512744071934e-03 1.098771574429866470e-02
-2.852590129408118344e-04 5.969696909621263758e-03
-2.143415263626874314e-03 4.538018214445316105e-03
2.958747750389994352e-03 3.993917211062684297e-03
4.204217659722745727e-03 3.450563771607188975e-03
-7.801141241028619090e-03 3.223407948693478124e-03
3.599969414629639822e-03 2.988398915538372728e-03
-1.827973321552822200e-05 2.951799952444432960e-03
4.367855309386016287e-03 2.761082833061105114e-03
7.699441082324815812e-03 2.740300612988203367e-03
1.659625898352668633e-02 1.980704359055402396e-03
2.535812066884723937e-02 2.147233838433993368e-03
4.228502323729203816e-02 2.657115515144148517e-03
5.492599996018747432e-02 2.960016842332923240e-03
6.813280856130467245e-02 3.524857623598086527e-03
8.188441018283695860e-02 4.262825650584929280e-03
9.483690559525412289e-02 4.629361570949742585e-03
1.033075724099927067e-01 5.409425340609700858e-03
1.126542077768294542e-01 6.681252691448197681e-03
1.242393787103994590e-01 7.743618462849040200e-03
