1.440625630657800874e-02 1.080515602791477445e-02
3.106594025083292496e-03 6.171754381736183244e-03
-4.691995965016518104e-03 4.680715762614826546e-03
2.173605315352332683e-03 3.978987204975421854e-03
-3.458412578884846426e-03 3.481663077559494276e-03
-3.908393234694655660e-03 3.438204392467361821e-03
4.464206766687282097e-05 3.435856845876806252e-03
2.323491524025140132e-03 3.111491978722564881e-03
-3.690250915152846686e-03 2.874131362504627699e-03
7.002612624695587866e-03 2.909099248919493150e-03
5.710028649176902144e-03 1.914449197966305600e-03
1.445735780373381615e-02 1.976162982454820680e-03
2.026298154688121675e-02 2.202961023075869149e-03
3.363157014324717059e-02 2.502066870728004728e-03
4.152596927167027246e-02 2.942064867691875259e-03
5.923736595708743724e-02 3.399054823671210975e-03
6.690618684204614752e-02 4.373432978889456486e-03
7.614036494742948413e-02 5.128995807288936129e-03
7.799035852508962030e-02 6.021351357405053777e-03
9.824422096539531246e-02 7.476600806073395444e-03
