1.859276078660290288e-03 1.176213427643731796e-02
-4.153084458178445300e-04 6.665263153136901861e-03
1.534565428247581555e-02 5.354232973211820595e-03
1.033891449598204997e-02 4.462865664080896064e-03
1.743431357751280483e-02 4.149544687610141371e-03
2.568452246534420197e-02 3.551427017858964537e-03
2.143352785457272591e-02 3.455677911862563637e-03
3.149207477625297347e-02 3.397166275409584969e-03
3.298426916379146312e-02 3.441955674128306577e-03
4.194651873337582743e-02 3.388680890969491578e-03
4.181801775795156162e-02 2.768457316736655776e-03
3.414755567062537078e-02 2.544013172071478944e-03
2.932356024367006875e-02 2.601403667850498390e-03
1.204381764748811874e-02 2.504434333163401642e-03
4.512928537543367329e-05 2.915384028777652601e-03
-9.937892850563553870e-03 3.393187456358788198e-03
-2.829283804618204848e-02 4.002453613341933232e-03
-3.633556840861155990e-02 4.862584039816201208e-03
-5.637537921535393931e-02 6.147008891736076286e-03
-8.197114851644358990e-02 8.222001364923337691e-03
