-1.553357927552199286e-02 3.208931584131623216e-02
-1.266758095924916394e-02 1.938673287707427459e-02
-1.622608416937325673e-02 1.380670695466647453e-02
-1.421351650890638821e-02 1.221593641479280269e-02
1.028799312576140872e-02 1.084285585030634116e-02
1.884896876123110659e-02 9.675577955379656772e-03
8.537540105648239869e-03 8.856821828323799273e-03
8.429048496439026572e-04 8.130559529615024456e-03
6.074225831337129282e-03 8.480783477953019595e-03
2.927820893321125481e-02 7.757793762831761974e-03
3.629814635627089114e-02 4.895624629813910555e-03
5.699561468482330223e-02 5.052868782610715238e-03
8.004871178728051317e-02 5.029000647541177413e-03
1.097660917242318374e-01 5.463460107503585739e-03
1.327657059402513329e-01 6.266139163510871940e-03
1.614799288918393472e-01 7.424713034972893824e-03
1.837596786402237725e-01 7.992927454948109064e-03
1.968539692821153764e-01 9.421708237694738017e-03
2.272339251807798388e-01 1.089983935075116046e-02
2.328861321078026791e-01 1.260846418446051435e-02
