1.766773268737214381e-02 3.409171808461364250e-02
-7.492821507827932687e-03 1.908120802250676609e-02
-2.516043346500767674e-03 1.431796145551132715e-02
-3.642131499605583307e-03 1.189923420984534755e-02
-9.998359621076967699e-03 1.110153353737066556e-02
1.588023026916652756e-03 9.931430171122137066e-03
-9.154083671316128046e-03 9.186273022772740299e-03
-4.407410852893443864e-03 8.584518340911010542e-03
-8.544690753142202000e-03 8.055164197272696516e-03
-5.405202531469685111e-04 7.592844048647848405e-03
1.397638508359846064e-02 5.170423387593271226e-03
1.831733630419460357e-02 5.352301216316543951e-03
3.439580309443568407e-02 5.310901357862410528e-03
4.214721413963595786e-02 5.535588404884346676e-03
6.344710793412584870e-02 5.886603385818441232e-03
7.680591993822413754e-02 6.836202609562575319e-03
7.695906820369310952e-02 7.505747325853006149e-03
8.278841715181786687e-02 9.055661688646420709e-03
1.006919118562509541e-01 1.039756055307901501e-02
1.114981383217484856e-01 1.272208865451824808e-02
