-5.025846236226278602e-02 4.964067237900355450e-02
6.457938725933353233e-03 2.750813688503839921e-02
-2.405527705932402564e-03 1.909946484191222399e-02
-1.488196469585774916e-02 1.637149844882533276e-02
-8.522113395242149336e-03 1.555308747444636777e-02
-1.124722128560303553e-03 1.443801408629038011e-02
9.312575787720352508e-03 1.221025152523792963e-02
1.264752339343351746e-02 1.138912083779297126e-02
-6.393389004811790045e-03 1.132091330091644123e-02
4.522859202402355026e-03 1.077967151671561409e-02
1.643631437847022092e-02 7.176115227969657312e-03
1.084690247116855064e-02 6.602349447030382741e-03
-1.519126991205866534e-05 7.248537605568854819e-03
1.511226043135442849e-02 7.505598206001114214e-03
1.950807451440465107e-02 7.678657152587631089e-03
2.922225034192039994e-02 9.309879423940488688e-03
4.564767941246314353e-02 1.041034750488220931e-02
1.594566531660048664e-02 1.168979507479844283e-02
6.032766149372495446e-02 1.439663999391938877e-02
7.985302864043879179e-02 1.765561255005284463e-02
