-3.133103303923878702e-02 3.824479030891236864e-02
-2.133997334757398168e-02 2.174254071377880806e-02
-4.203280564183271817e-04 1.702306726346516225e-02
8.264092907327850665e-03 1.437026290223387265e-02
1.469983857869989856e-02 1.293483574467761688e-02
3.074129393859878837e-03 1.169282823008039457e-02
9.219667913698484027e-03 1.004918441106232053e-02
3.525338667122031311e-02 9.943053676739114707e-03
4.070014627864650819e-02 9.467365596298188066e-03
3.912534712618356142e-02 9.494516613747132697e-03
4.186192927824586990e-02 6.225636263502335073e-03
3.317727496504747214e-02 6.032947521367610852e-03
3.685371743096802627e-02 6.019938701481236665e-03
3.229809526000691766e-02 6.427395469419778899e-03
1.353056576851615310e-02 6.715232637125469368e-03
-1.760815648622044913e-02 7.950677125239835608e-03
-1.088278639647169942e-02 8.426162858031185227e-03
-3.774609375158523294e-02 9.925544739059490376e-03
-3.792551367455845868e-02 1.145566879583308738e-02
-6.370574261805599103e-02 1.468637119274739805e-02
