-1.157329833009502693e-02 3.472152983522285713e-02
-5.190099965736422356e-03 2.025640478276105605e-02
8.264331844789148118e-03 1.553538376155125071e-02
-5.088714206219343943e-03 1.257327739417912066e-02
1.990109586158847824e-02 1.141744300959829719e-02
8.238992608686520128e-03 1.000902206914456964e-02
-6.987963572889433134e-05 9.012576713673746409e-03
-1.206231923731589453e-02 8.912390612951398908e-03
-9.865908169034637906e-04 8.130037800545710999e-03
-3.201952612868941891e-03 8.285852194556995315e-03
3.990190023504089530e-03 5.513098932469620746e-03
9.642139692675100529e-03 5.177116346356012283e-03
8.288887791021921567e-03 5.407415556915319901e-03
2.262152965434644641e-02 5.616093050616433741e-03
3.390867549392671126e-02 5.977389956879270751e-03
4.355286079886908079e-02 6.771802296920148567e-03
5.792147889936101468e-02 7.796215351720037212e-03
6.602556984837357201e-02 9.024858091779089722e-03
9.298315468136786333e-02 1.157348470587532714e-02
8.670926940802005378e-02 1.329770336210836339e-02
