-4.334149994928485072e-02 4.164846096001077747e-02
-1.803116840420938144e-02 2.857589733055083958e-02
1.698232287967949700e-02 2.303603126234687534e-02
-3.972572694044183513e-04 1.866248719539324863e-02
-6.755987011175881157e-03 1.570134263156553259e-02
-5.125783225842414290e-03 1.425617560081186147e-02
-5.098225759089205188e-03 1.339043053554148620e-02
-2.005030575133735001e-04 1.197944136913803304e-02
-1.031108947538064008e-02 1.131708880444183031e-02
6.757433055556312344e-03 1.163625696341305527e-02
7.703576328726637230e-03 7.079356811242516062e-03
1.678393129790780453e-02 7.475033478662530470e-03
7.656093164829635284e-03 7.050392618457933247e-03
3.827686042758673274e-02 7.472412580923949894e-03
4.209232717541697144e-02 8.186377071603353345e-03
6.269298844245391189e-02 8.424051715999723161e-03
8.410329526433653335e-02 9.529086530596933557e-03
9.489693292396600421e-02 1.118609118785475302e-02
1.175439248087355726e-01 1.310309311417216967e-02
1.489747802979786984e-01 1.625324948448137255e-02
