2.012416766793626716e-02 4.807831797899306259e-02
2.634803455919965121e-02 2.923919184485875011e-02
-4.814124460436637089e-03 2.138188131983442472e-02
-2.504284346069291997e-02 1.902278687053127540e-02
1.288462170286158899e-02 1.748854819081204978e-02
-1.542175440352999867e-02 1.503058162035322831e-02
-2.320085163622223612e-02 1.350574199077978106e-02
9.841375862604938296e-03 1.295333170510576740e-02
-2.077687961378558296e-02 1.193061693692390977e-02
-2.675178312327729062e-03 1.174925455557405962e-02
-4.974160362731224437e-03 7.792289195364609893e-03
7.028445420495963922e-03 7.562731369619715531e-03
2.719856261186176169e-02 7.309836717962012870e-03
1.922170595055599368e-02 7.895867534938105087e-03
2.767722101248473038e-02 8.163019199842604795e-03
3.865029145354410139e-02 9.074258874899807092e-03
8.060437525391386804e-02 1.040346558746143950e-02
7.042835646600011101e-02 1.157006447178406811e-02
5.253309400054587130e-02 1.372972807723151119e-02
1.193700509358694012e-01 1.789528404076086779e-02
