8.579623513903623933e-02 5.935891760173486742e-02
5.523465891604166338e-03 3.986390156732588091e-02
-1.005923892033679969e-02 3.161614635390622152e-02
1.255525233334552244e-02 2.627357612521886293e-02
1.352231241974509793e-02 2.178514493637324217e-02
-2.239532991301987699e-02 1.915373676277781767e-02
-1.884910425421895686e-02 1.932285041905219825e-02
-4.042283440017565600e-03 1.725414408123631879e-02
2.370448133817992808e-04 1.629468897958991774e-02
1.353889466312735955e-02 1.625255364554666765e-02
-1.628930421050410254e-03 1.052615398468824230e-02
3.854488393055195694e-03 9.796788579185380930e-03
1.253307490640422246e-02 9.550138013380032875e-03
1.847659196572888282e-02 9.978221191706064877e-03
9.894814343359691414e-03 1.031335438324400104e-02
2.842570133947075126e-02 1.231772908398950581e-02
2.318621816809280506e-02 1.255389916837863599e-02
1.889557163609172433e-02 1.531165779457272988e-02
8.732349025337386716e-02 1.860442460216211666e-02
5.049988031506134206e-02 2.105168778466852408e-02
