-3.182050584437599167e-02 5.479786942025092339e-02
6.728960698982414113e-02 3.275587977993855288e-02
-1.109936897928025766e-02 2.533258979452830684e-02
1.349681119195190483e-04 2.198434617262726501e-02
-1.996247556614401050e-02 1.835901055704110274e-02
2.206842366607593073e-02 1.687051700547381045e-02
4.004104063843597766e-02 1.543290758658040322e-02
3.218845552807797494e-02 1.408272185114374346e-02
3.387495597380937862e-02 1.399187486351078508e-02
3.154989285897618484e-02 1.370974960691437490e-02
4.357839653467678043e-02 8.814162908933297069e-03
5.475914733439039839e-02 8.441457021206686881e-03
5.151407552212496771e-02 8.336904850836119457e-03
2.965417895436476062e-02 8.100779556465749140e-03
2.057289688161404242e-02 9.177256898612767486e-03
1.332771738255825872e-02 9.277039142249534145e-03
-1.242275494185651318e-03 1.092184274910924444e-02
-3.521437493223795318e-02 1.200280368951247081e-02
-2.632025958336773469e-02 1.505749356288582815e-02
-4.242387761784687655e-02 1.846616046664565844e-02
