-1.612706278181139097e-02 4.355802912324620302e-02
4.452149591184074995e-02 2.753353934602465261e-02
-7.267974134716223382e-03 2.128333984596257611e-02
8.751817144556531952e-03 1.746024812500143047e-02
3.642159626038842662e-02 1.562133861800087294e-02
-1.025985617545029267e-02 1.431367938239057162e-02
-7.511392151146748311e-04 1.303197229305071668e-02
2.311771500325408932e-03 1.248266518635012499e-02
1.964815066114254313e-02 1.153694654933961304e-02
7.418870465258798653e-03 1.074677128880561876e-02
3.242364264678931907e-02 6.981927056755815944e-03
5.483218987359048807e-02 7.005861880452679026e-03
7.584881169118767863e-02 6.915226176284481815e-03
1.036612557592582057e-01 7.607221271279343555e-03
1.113279799698843192e-01 7.524692064547083316e-03
1.475486922434232351e-01 8.358855032544739577e-03
1.432105155111294548e-01 9.604659302586205857e-03
1.839010622039704557e-01 1.127009986897734191e-02
2.226917081070605153e-01 1.258769368449632123e-02
2.191130893718493955e-01 1.575038826876503859e-02
