3.888896829864473014e-04 5.489826115574237848e-04
4.467821618231286769e-03 3.830973315455617244e-04
1.609674796957256265e-02 5.442983811486465243e-04
2.628621302808821503e-02 7.329999575288219859e-04
3.787006817642252221e-02 9.972499564300930756e-04
4.661894470232693516e-02 1.212684716747662204e-03
5.641440040793588295e-02 1.478942086763871929e-03
6.504397810641909805e-02 1.692993221755538470e-03
7.288722436642453006e-02 1.845169189040025189e-03
8.024388892686024066e-02 2.064310218201228977e-03
8.976730498847131090e-02 2.273842580116895804e-03
1.024523219507226107e-01 2.601047980338257615e-03
1.132165266355337624e-01 2.835612007597330259e-03
1.228540264089416634e-01 3.143491355141135677e-03
1.347540275991521708e-01 3.404973071923705213e-03
1.424545710873001414e-01 3.679285178863967495e-03
1.513212985684549150e-01 3.953316088003047679e-03
1.629922967370313891e-01 4.431387988301037535e-03
1.687400404652404096e-01 4.532657982993119027e-03
1.783044285005577767e-01 5.387957624462972293e-03
