-1.870591673214056178e-04 5.578509263547767752e-04
-1.560072878943465720e-04 3.804797296524168020e-04
3.645537011380664983e-03 3.816163795094832333e-04
6.449064540547691689e-03 4.390154771132925154e-04
1.088251127161593904e-02 5.503473008246284126e-04
1.565546181217112101e-02 6.920115723041824233e-04
1.952070526526883745e-02 8.168207196685703993e-04
2.537198736836621463e-02 1.072297015228760361e-03
2.945058318074403325e-02 1.194506198166682843e-03
3.441817177121114790e-02 1.389050343661172833e-03
4.149886876717499146e-02 1.585723992944713251e-03
5.036823457472686116e-02 1.987104447502601335e-03
5.729270816662954124e-02 2.260478508044172930e-03
6.611825685875140357e-02 2.673040154823136741e-03
7.498110166991876768e-02 3.109028273496197269e-03
8.176654862871060581e-02 3.434046827789704898e-03
8.918065306018913008e-02 3.805009998493962247e-03
9.132983262193315743e-02 4.215634064927494158e-03
1.004271289162967651e-01 4.636015768320718954e-03
1.081509945088226649e-01 5.527945775978236782e-03
