4.431172609640013100e-04 9.159180976539896529e-04
-4.471981566200130707e-04 6.587725604042453213e-04
5.510527492599873525e-03 5.966029745403247453e-04
6.019230579219313551e-03 6.075821669317671946e-04
5.449517887018773613e-03 6.315121880940381552e-04
8.565965241629268714e-03 6.698734120256193266e-04
6.948855803360970071e-03 7.458609838932061566e-04
8.734974425098246051e-03 8.539906580120035012e-04
9.546395950619679382e-03 8.978445312606534888e-04
1.090327328473759266e-02 1.036956566777681114e-03
1.360475762503774409e-02 9.649629001048571665e-04
1.773016186215415138e-02 1.162072832194864774e-03
2.230542829185257550e-02 1.513071261746603289e-03
2.747092247254504654e-02 1.800012944671134860e-03
2.608257628901562014e-02 2.091340269902418249e-03
3.556269443777776429e-02 2.808236831695782101e-03
3.967997338608556662e-02 3.323590843387905051e-03
3.891258855316941795e-02 4.063933144515554513e-03
5.745528489225299601e-02 5.328438546246094809e-03
5.790283344488982020e-02 5.992376936493164913e-03
