1.503816122017012863e-03 7.268076638556130549e-04
6.448128235602534897e-03 5.267513054532197911e-04
1.466884622383239460e-02 6.781750420586476254e-04
1.820436047495261819e-02 7.609367171621739733e-04
1.908812299202206075e-02 8.137554123254455872e-04
1.919249315508338161e-02 7.997530793313531710e-04
1.902968776982822199e-02 8.420543991951072666e-04
1.774668520528555407e-02 8.719576218259674806e-04
1.498971578522938046e-02 7.843381946966265349e-04
1.265457173167428007e-02 8.594409549925694511e-04
7.731616440670927015e-03 6.572764495362197045e-04
2.384781330419477249e-03 7.563040740306453983e-04
-4.626246237007074213e-03 9.384855144839019574e-04
-1.372458440156649161e-02 1.252489277812314679e-03
-2.216801979425739658e-02 1.605482417149507951e-03
-3.274398400444216567e-02 2.156603475609625894e-03
-4.249430735318115299e-02 2.723118821441192043e-03
-5.075491591184956575e-02 3.438960119182101274e-03
-6.790483852190883074e-02 4.055234085062375121e-03
-7.722853883670255382e-02 5.272737180804980793e-03
