1.250882737791431066e-04 6.077076309248653860e-04
-5.389555854875715439e-04 4.117107416705815311e-04
1.446740450656867471e-03 3.802395185730817091e-04
3.078939237356024747e-03 3.828216831353584344e-04
5.074896290745798712e-03 4.486025205310242478e-04
6.314219563921460131e-03 4.710789878411751164e-04
8.987125451182907329e-03 5.539568890961710148e-04
1.284396811270131604e-02 6.437669972871023355e-04
1.744925633279927751e-02 8.396508729200305833e-04
1.943872045583922362e-02 9.146588074091544516e-04
2.414461715621167223e-02 9.650618601863258364e-04
3.180271841057598359e-02 1.240002034610921148e-03
3.874223106245959503e-02 1.594072577957087334e-03
4.558802570979681584e-02 1.878463766619516270e-03
5.341390228731833500e-02 2.279212690947498513e-03
6.267763312515470253e-02 2.678165150170260921e-03
6.722740786841492622e-02 2.940864688880132256e-03
7.646748308659738480e-02 3.284032420873098622e-03
8.641415271414877586e-02 4.086046590042817853e-03
8.711268653974495180e-02 4.984630553753716803e-03
