7.656242535328960800e-04 5.211080578103118206e-03
-5.206012192604674710e-03 2.903717932774956770e-03
9.381903197317648145e-04 2.136327277471650188e-03
6.466782969420018998e-03 1.822793337566966420e-03
5.722893571385644258e-03 1.932172402701599076e-03
9.366960308886325068e-03 1.749604127018138935e-03
7.365340797184854321e-03 1.827769246557088036e-03
7.713011119752201730e-03 1.789074205617929457e-03
8.661878799164555304e-03 1.918812372504361766e-03
7.034097519492318526e-03 2.238614238092939777e-03
1.488678872784453787e-02 1.789609376611999564e-03
1.739159147364802843e-02 2.037024772920976914e-03
2.101627116754794383e-02 2.480972876332005785e-03
3.379175221828717435e-02 3.248601433951908094e-03
2.368812436123529305e-02 4.049329103302586053e-03
3.603235107979769342e-02 5.142917616627449943e-03
3.479523629532625673e-02 6.453638937981199045e-03
4.127726765673803838e-02 7.839131162213181306e-03
5.745091138509035578e-02 1.119215499170164718e-02
5.345467768885561743e-02 1.387327965884453153e-02
