1.167216666353549596e-03 3.210181271523218725e-03
-8.130833337401588076e-04 1.894523044357354982e-03
-1.074572378209573669e-03 1.435207043127854996e-03
3.013120997133736899e-03 1.305903018940633101e-03
1.501719416481670866e-03 1.286507112895027413e-03
2.981467120004368653e-03 1.153221767188057070e-03
3.880282995089248503e-03 1.220661054300873965e-03
9.028312022725297481e-03 1.213483573232825366e-03
1.506941063094727716e-02 1.402043736956605285e-03
1.424758110262851554e-02 1.439077884123033443e-03
2.262626211068490684e-02 1.353915491162319389e-03
3.112957573719824997e-02 1.749721893126991073e-03
3.938117846017011314e-02 2.055848765712927403e-03
4.816983824767589323e-02 2.596144873974565778e-03
5.852906762967759885e-02 3.141439722122549467e-03
6.747429518382173919e-02 3.902081339583409521e-03
7.567899818368631348e-02 4.699450857617237624e-03
8.666372937112545860e-02 5.637075672474226549e-03
1.029376007162435130e-01 7.342404553622536995e-03
9.951678095488199205e-02 9.674162586585670701e-03
