-2.621882688982528440e-03 2.913476399398876298e-03
2.125957958971547504e-03 1.800040721907127973e-03
2.585629790772307323e-03 1.479956506648670870e-03
2.065815976504313967e-03 1.287638089103878810e-03
4.087733484341200471e-03 1.248340091919847945e-03
6.689872099442304570e-03 1.105656810374830825e-03
1.295991970572605949e-02 1.160721519960700339e-03
1.650051902873593546e-02 1.335554132965022320e-03
2.162626549823876837e-02 1.460669294370997573e-03
2.832139545053502863e-02 1.626290206111687684e-03
3.869390454268196999e-02 1.796143429522936144e-03
5.124717726034722087e-02 2.353887643763321550e-03
5.778955654880291865e-02 2.615108051253150264e-03
7.079952005574915996e-02 3.242673413279647653e-03
8.137647517362289751e-02 3.747310360659792620e-03
8.859654723816307031e-02 4.416423086821530918e-03
9.395146107592636242e-02 5.165068493766630971e-03
9.245999254926169642e-02 5.892649346633759694e-03
1.176076606588902090e-01 7.427219047551916926e-03
1.041127426640399700e-01 9.306244722395769914e-03
