2.237679954245573848e-04 3.553938369384256665e-03
5.520993967423542398e-03 2.269276008362240346e-03
1.099787641845828730e-02 1.786509323917248203e-03
1.784983258009660220e-02 1.627689429495515630e-03
2.407545909125560768e-02 1.674250971111847144e-03
2.433828777300657553e-02 1.546960917771431770e-03
2.709007786859817662e-02 1.642573289260945745e-03
2.855329644026375138e-02 1.833744019013637235e-03
2.095110575607511336e-02 1.621009723519440185e-03
2.018051037089076474e-02 1.676476747089719827e-03
1.634505117018898029e-02 1.353944378101745597e-03
6.872677493138698059e-03 1.491913290884926916e-03
-4.061461168792974974e-03 1.721080360433555447e-03
-1.453220769163050645e-02 2.235524996614447670e-03
-2.901637913740879454e-02 2.811972021949910895e-03
-4.680265098579750038e-02 3.691971633265287486e-03
-5.075896261389944292e-02 5.126067551821607282e-03
-6.940788894286602229e-02 6.424992906214720481e-03
-9.156328992749593332e-02 8.353739774084652930e-03
-1.102369004083730702e-01 1.120440532325012867e-02
