2.990257421422669402e-03 2.966917144977414093e-03
2.812730025410157316e-03 1.763655946854017107e-03
4.883439013450252900e-03 1.331702777583735394e-03
1.010993919302776226e-02 1.223382169673367442e-03
2.055102486597941425e-02 1.253264413198833032e-03
2.882026226229569138e-02 1.272419656144674078e-03
3.910839684041969577e-02 1.533524151448757700e-03
5.069856291882175042e-02 1.632878100225422513e-03
6.044663932268484752e-02 1.901217053492273946e-03
7.004055852281204642e-02 2.090354233418180614e-03
8.339018765601788341e-02 2.326772092593963268e-03
1.026683427800646892e-01 2.721348287983273682e-03
1.173379992289015072e-01 3.112432260443068199e-03
1.282968210335110326e-01 3.633097976058308892e-03
1.442543823049459162e-01 4.021510790476016083e-03
1.536005636099453675e-01 4.798206159186445448e-03
1.598555416284195563e-01 5.043712728271240731e-03
1.746095019619082755e-01 6.373483608280418322e-03
1.716356473442766650e-01 7.455357483991938670e-03
1.848401425744879423e-01 9.390124258983651925e-03
