1.567070333386537395e-03 7.504550513391299114e-04
6.508380720084820138e-03 5.475422555772590464e-04
1.495291630885215925e-02 6.978328295806598188e-04
1.837737700494551998e-02 7.751292044274853002e-04
1.847724577433849241e-02 8.168240024652902989e-04
1.844492979305081826e-02 8.115435853772601932e-04
1.737653034344069716e-02 8.362782122738321704e-04
1.503554880731733379e-02 8.337860696961264632e-04
1.256090401423647085e-02 8.444041731392836056e-04
8.666512052639898864e-03 9.143052095485160397e-04
1.620960532850785046e-03 7.280282119661794478e-04
-7.172643688184936368e-03 1.048358291331315511e-03
-1.839269332618464689e-02 1.439455449240304320e-03
-3.168791007949135763e-02 2.137779645569069364e-03
-4.093289323779405325e-02 2.649561071701310618e-03
-5.751586215009876074e-02 3.469970463514915858e-03
-7.191212745535098538e-02 4.793395661763201303e-03
-8.833698878507681429e-02 5.755258202999928574e-03
-9.889329546146738426e-02 7.654126782460355868e-03
-1.091692184245264402e-01 9.973953496612611089e-03
