2.470790649417006551e-04 5.625135506297713247e-04
4.585173714129489597e-03 3.967183484146571569e-04
1.703483213248466188e-02 5.790684037898213149e-04
2.821176381063185759e-02 7.800251502502904537e-04
4.073132637471956613e-02 1.072582305579523150e-03
5.066035443715548314e-02 1.316993656824114222e-03
6.174147132031251178e-02 1.610660629483391497e-03
7.121513180131112952e-02 1.878079652286517714e-03
8.012556115699286108e-02 2.031916177401667072e-03
8.871879690671725938e-02 2.289484345195372337e-03
9.964230515594196813e-02 2.532685378816464539e-03
1.142480022892039399e-01 2.925085545839280904e-03
1.265217752806640505e-01 3.204462419666958238e-03
1.369187276023929867e-01 3.552425876093358564e-03
1.490611336966101430e-01 3.849807871417266266e-03
1.556368163640668711e-01 4.285503307875021886e-03
1.690162905279677941e-01 4.951003661025343665e-03
1.732918908721346740e-01 5.724787297849693972e-03
1.795804078817418714e-01 6.406824499720696446e-03
1.859563000936339250e-01 8.207939760538357152e-03
