1.399086273224624255e-04 6.215281234241811295e-04
-5.393894539789396547e-04 4.207312086257871992e-04
1.587047295042720357e-03 4.058966116766759896e-04
3.138755001353622960e-03 4.031119093399900769e-04
5.609964818050055049e-03 4.790387637124717793e-04
7.015654411015427930e-03 5.083834576949024329e-04
1.035425493115283216e-02 6.480052410756474007e-04
1.436140964185703486e-02 7.380035735821358772e-04
1.912373291591609042e-02 9.527719772491499185e-04
2.272997774061441545e-02 1.065796107980659718e-03
2.765077767882145876e-02 1.101371675591379575e-03
3.732103780807456000e-02 1.444615198626712522e-03
4.673007825609110100e-02 1.956162599950399695e-03
5.605325125942770687e-02 2.373433703908649564e-03
6.334643773119874588e-02 2.916714838947228033e-03
7.259336888137439547e-02 3.612804339927689137e-03
7.513500388038610311e-02 4.141995805264806971e-03
8.903693889786465365e-02 4.973106709382620061e-03
8.854764990461369556e-02 6.548440769177295631e-03
9.033140680713946935e-02 8.510909753025368285e-03
