4.149096342444809175e-04 9.257534516236649771e-04
-2.778438506697935607e-04 6.674316671038848419e-04
5.707592564900918625e-03 6.196191725096519267e-04
5.936141034628513412e-03 6.306734006669025396e-04
5.440600767858151492e-03 6.699052334271569887e-04
8.622498322836765275e-03 7.356182254307408637e-04
6.971858709147726700e-03 8.394040533819094362e-04
9.651264937228625981e-03 9.615258050734170779e-04
9.774810068128992127e-03 1.032632606815109570e-03
1.313180843310592615e-02 1.232835207098194981e-03
1.468459229976284454e-02 1.085688572143538944e-03
2.075020087725477219e-02 1.396782381211563026e-03
2.691481799074739792e-02 1.964612446348463094e-03
3.006139334176670397e-02 2.334490634668183288e-03
3.146460966523821623e-02 3.121069901755061000e-03
4.713795664230233107e-02 4.188507558498404809e-03
4.756861727882635837e-02 5.133524331100711505e-03
5.316013405159932675e-02 6.505508928561973964e-03
5.963997402755685795e-02 9.379138112946498046e-03
7.050781186696851444e-02 1.243803604998240143e-02
