-8.278334452121061549e-05 5.738402827304537896e-04
-2.370586096868584056e-04 3.948555877692676102e-04
3.742186010168886343e-03 3.954078377373753642e-04
6.982562430589670140e-03 4.624813807358514215e-04
1.202442590790829373e-02 5.900348684200980081e-04
1.742821460358973465e-02 7.786650569825429241e-04
2.158005313249114834e-02 9.023990875738961779e-04
2.854721418067163521e-02 1.196792825104150276e-03
3.346826274113168936e-02 1.352304192994486847e-03
3.900726211129337817e-02 1.592695574248780997e-03
4.712236820565993134e-02 1.794606416547013051e-03
5.748461148496346318e-02 2.254615567037945856e-03
6.751728738881421221e-02 2.662972034428205941e-03
7.644990411889207582e-02 3.198667347699459158e-03
8.532762747801087011e-02 3.877374311779686108e-03
9.697583388701493112e-02 4.397560893068878408e-03
9.790465970551309738e-02 4.618788831439985844e-03
1.068044593154804656e-01 5.398388465698678897e-03
1.083250070825460543e-01 7.003695500829692708e-03
1.154752475788310140e-01 8.552186791971738006e-03
