-1.593103874798966479e-02 1.047883631528802838e-02
-1.778664362592636368e-03 6.642206228722052040e-03
5.701201007466215505e-03 5.412980161828273400e-03
-4.444167961109778305e-03 4.298998501326355484e-03
9.569243488364808075e-04 3.791775352208695202e-03
1.250068210743634795e-03 3.456596916276663198e-03
-1.458539255564215856e-03 3.159570765927995073e-03
-3.102405262106936010e-04 2.956001821466903382e-03
1.629559704456075980e-03 2.935487697858425206e-03
2.827883065841128233e-04 2.732377377583793468e-03
3.923101818628530434e-03 2.038645753969135777e-03
9.226514808807534732e-03 2.076385254715775418e-03
1.774352947120012847e-02 2.221146253029000761e-03
2.483029644001291322e-02 2.656096822034604166e-03
3.849171972342143450e-02 2.966862780135751804e-03
5.446468207104089576e-02 3.293957831607637055e-03
6.237387626356834247e-02 4.249827440440097012e-03
6.612500041828833774e-02 4.638136484700465696e-03
8.530842345835329410e-02 5.642591702488168950e-03
9.972061668254536548e-02 7.544076196057327745e-03
