-8.143308979711411750e-04 1.110925550258645353e-02
-1.598612206806539031e-03 5.975878295167789088e-03
3.607600390176218461e-03 4.539194581593667191e-03
-1.003666276382666816e-03 3.882611969220350900e-03
-3.288626959195629831e-03 3.561144280558038635e-03
5.441095215741446368e-03 3.177163475481352851e-03
-1.570149595814531243e-03 2.959627460689973413e-03
2.865570287371159430e-03 2.798549537408790214e-03
6.624394711194314623e-04 2.880643878217397681e-03
3.854611909112599412e-03 2.533018415673719131e-03
1.032983010914461687e-02 1.906878759477585077e-03
1.971012049223354670e-02 1.999504399510630779e-03
3.043772988121177039e-02 2.139980272984319271e-03
4.527371361149801904e-02 2.764491403275075223e-03
6.052488613481877416e-02 3.311185960526084361e-03
6.612424102561602346e-02 3.859871466471640356e-03
7.907868432940105829e-02 4.599617730712321668e-03
8.015404554464225506e-02 5.055506726669277244e-03
9.046404976592863079e-02 6.007186043926907547e-03
1.087939346451171213e-01 7.912645709896791793e-03
