-2.385320961837060049e-04 1.308146290858701669e-02
6.174325054768601585e-03 7.127766460150567612e-03
8.489496329372306360e-03 5.409546424231794111e-03
4.374343033221269640e-03 4.809996038645966178e-03
1.941142466079167142e-02 4.274468631995941709e-03
1.492749638458498035e-02 3.889025584317671019e-03
2.318934972888082174e-02 3.925714533661298598e-03
1.998958125601606184e-02 3.745204762887669077e-03
3.100658319822677256e-02 3.521604277799914376e-03
3.065551588140864522e-02 3.497210666265795735e-03
3.045018468011277332e-02 2.433401282729986091e-03
3.457158866064841823e-02 2.486185397234500633e-03
3.194490883844699342e-02 2.609816478702968803e-03
1.576371016607121256e-02 2.687393500272009742e-03
3.981707329669344035e-03 2.899861001769850431e-03
-5.436847662725243467e-03 3.430087851536933047e-03
-2.037078737359765412e-02 3.922905212292519470e-03
-2.662250463691597652e-02 5.059143546387399187e-03
-5.269622095506285714e-02 6.215126577008601126e-03
-6.017756730555946787e-02 8.047547908195711724e-03
