7.881539896456631056e-03 1.785055353350479060e-02
1.267787064296401096e-02 9.765869114387754416e-03
1.624196120446459030e-02 7.982824744525751290e-03
6.891451279980417149e-03 6.346112444760454267e-03
3.827263243780174885e-03 5.548014296120607619e-03
3.480250909777806313e-03 4.992294292334869404e-03
2.246361632390907973e-03 4.924853071339314534e-03
-9.252438007563978939e-03 4.597661144600060507e-03
7.703846425802021551e-03 4.494078320960459907e-03
1.932322454964310789e-03 4.335681760653665139e-03
2.658930776263804426e-03 3.131423887554416179e-03
3.967508669326497671e-03 2.973084962982326662e-03
1.313431155637915723e-02 3.293231380107519875e-03
1.679189769383844857e-02 3.581417752644849156e-03
1.941753871940893328e-02 4.097465553184308044e-03
3.005011803832347006e-02 4.711848829650474441e-03
3.719114943640634136e-02 5.384650559424725667e-03
3.293459599709709640e-02 6.664572319026382252e-03
6.067562261690825909e-02 8.495349747491123815e-03
4.745125794943222397e-02 9.808313778131492328e-03
