8.347618585472499700e-03 1.037760758431841880e-02
8.629239850613166195e-04 5.861222004714857110e-03
-3.039041442320085753e-04 4.666836868733616889e-03
-4.629063230983163253e-03 4.106674512232470244e-03
-8.273104254359053009e-04 3.374855361776269921e-03
2.348725954938326189e-03 3.446172595620287417e-03
1.947928925778119776e-03 2.946495839007607243e-03
9.919022601970219760e-03 2.793773285792606857e-03
1.387985674030959779e-02 2.742048159657739254e-03
2.480042701007458689e-02 2.819741945538119330e-03
3.656778269691822458e-02 2.038911595864831457e-03
5.307147282540446154e-02 2.331435936253430877e-03
7.428946638726084684e-02 2.784449408806381147e-03
9.490048378186363709e-02 3.241975703359531013e-03
1.118605162885499965e-01 3.682208299984831429e-03
1.291678489961200771e-01 4.061932131486378945e-03
1.415932549428433607e-01 4.784346653099274399e-03
1.558898444102765901e-01 5.254879862215382051e-03
1.659435743174167976e-01 5.690811356765787532e-03
1.787935670372393926e-01 7.142907414241007370e-03
