2.243388002878521359e-02 3.245634766801563931e-02
-5.421981162006725072e-03 1.935952793673017397e-02
-1.820200027119657157e-02 1.498201802302354287e-02
-1.138964500810690089e-02 1.235374182714263705e-02
-4.841562770324465883e-04 1.074199758749216048e-02
7.910320896177489838e-04 1.006502908039012302e-02
1.909156999070303964e-02 9.175320506848558613e-03
-4.114045048658017054e-03 8.249239230152383487e-03
2.464148743941707576e-02 7.730300169805105585e-03
2.576751527117999638e-02 7.529067297743556771e-03
2.832380800680113150e-02 5.066433503087787969e-03
4.816233521573241860e-02 5.113937698053399629e-03
6.027978274349144600e-02 4.746706339427993367e-03
8.038351402952927105e-02 5.599433874565181574e-03
9.570819813407056842e-02 6.146334155901774822e-03
1.150893131553850923e-01 6.697510609583857619e-03
1.150864759572462204e-01 7.311934585835227519e-03
1.422569004269472193e-01 8.593424025270480701e-03
1.759712090144587293e-01 1.032658661300040782e-02
1.809103523797251090e-01 1.257286430520046343e-02
