-3.842992301638781943e-02 4.050004270071785872e-02
-8.159263760649826044e-03 2.283912284415108920e-02
5.457055088044900949e-03 1.809643777273576767e-02
8.414368771221841792e-03 1.479505343971278079e-02
8.994223825408988529e-03 1.362260013932707799e-02
3.166994928493850614e-02 1.169919847367070428e-02
7.037296621723196539e-03 1.110913402694798865e-02
2.181905374203307532e-02 1.013618160704263423e-02
1.729616272824206769e-02 9.746202290555281908e-03
1.657322192665967517e-02 8.902535945009733276e-03
3.300239225656582953e-02 6.250078291902407684e-03
4.422312121060765350e-02 6.045360809219725573e-03
4.131156753817648297e-02 6.106374407192915153e-03
3.170689896668059393e-02 6.277524775450737948e-03
1.301486354470942665e-02 7.200246878908412619e-03
1.588574485623614127e-02 7.817598435223732309e-03
-8.475698877956168095e-03 8.565694884974703327e-03
-1.759054227392647940e-02 1.052049224726012665e-02
-4.718829958222647836e-02 1.241474365740661071e-02
-4.643542291339133182e-02 1.426757402319459196e-02
