3.060326631755864676e-04 5.430258647935695682e-02
-2.441073275370416254e-02 3.070970901580838755e-02
4.421676391725402194e-02 2.466735647485896951e-02
4.689211861063449782e-02 2.074040850341386799e-02
1.335265814245918843e-02 1.821771761480692892e-02
-1.883602884407275342e-03 1.544417764213872751e-02
-7.362582328705795549e-03 1.542759554946245351e-02
9.416239620251180137e-03 1.347106675923295804e-02
-1.701343743981147821e-02 1.380011640607062447e-02
7.662674891864903505e-03 1.309527315564868073e-02
-2.591299798368606067e-03 7.921299017334361078e-03
1.413249802843508270e-02 8.237126834509446785e-03
1.314157707840788759e-02 8.178545590679800817e-03
1.578353948640325716e-02 8.375945236811194877e-03
2.600303904285209897e-02 8.978896270971531771e-03
3.854981241138489331e-04 1.036532452828649482e-02
3.730128419119196209e-02 1.112961372535497054e-02
6.738771416651152119e-03 1.307196366378715266e-02
1.632725553173111632e-02 1.629133472178496966e-02
5.441807593796548631e-02 1.972835228448677550e-02
