-1.704640800361823362e-03 3.553142006764653527e-02
1.772257116892759707e-02 2.240000121512084746e-02
3.866668475024428401e-03 1.598255083484561440e-02
1.207012724330135643e-02 1.358917035662610302e-02
5.700345959260564969e-03 1.232398314178164041e-02
-6.345905494053741269e-03 1.025061773687744454e-02
9.792442928136385616e-03 9.707853053740790258e-03
4.983869711165877202e-04 9.373045704213383775e-03
8.498779319091544562e-03 8.662492254223941313e-03
7.664724850396861799e-03 8.207688273358838479e-03
-3.433277542465976856e-03 5.552921735312299489e-03
2.991974223208048508e-03 5.849403312949174802e-03
1.067178991688645315e-02 5.432007158906054095e-03
1.590346998841559237e-02 5.388385727112943516e-03
3.169137410953548617e-02 6.293363105689350236e-03
3.844191872830324957e-02 6.805389216378437967e-03
4.975534836334407490e-02 7.807733968000560645e-03
6.331208821819944710e-02 8.992001324052279268e-03
7.257758130797867246e-02 1.090716810540510659e-02
6.467527415376389532e-02 1.379268998215009770e-02
