-3.048734490876457703e-02 3.417674798769940181e-02
-1.604252283270402274e-04 2.023852583200520458e-02
-1.036284852305175384e-02 1.482613366020956933e-02
-6.821244041628740998e-03 1.233067964190303137e-02
-1.302926081981212528e-02 1.178132228822177489e-02
-1.566118865904722601e-02 9.839557749287243874e-03
-5.153971758093020029e-03 9.603628548659195671e-03
5.261873914427847056e-03 8.664971169121840275e-03
6.491620926381791619e-03 8.562938967892546466e-03
-1.903001006872358670e-03 7.659178531101206409e-03
-1.663832529967307523e-03 4.913334867200903205e-03
1.022760359394627935e-02 4.856710756603994927e-03
2.321430107693825406e-02 5.241409688517118144e-03
3.331986609875886574e-02 5.415295513236357584e-03
5.284098843198219153e-02 6.018348328507291435e-03
5.403469300144760762e-02 6.810373208309737289e-03
9.575727457922064700e-02 7.773886609149978540e-03
8.099106430190232409e-02 8.772344569368444381e-03
8.984963134164035414e-02 1.039166297022605170e-02
1.035937064384519490e-01 1.339224736393609429e-02
