5.540112186287729501e-02 5.404514507967633774e-02
-1.971409885911852913e-02 3.497988996393749939e-02
7.507603684136072986e-02 2.770049832240715007e-02
1.227877206257396020e-02 2.202500076567926943e-02
4.060770821462643398e-02 1.873715630991197589e-02
1.172969553853400390e-02 1.720081912000113317e-02
-5.708637685170422048e-03 1.689362237848859513e-02
3.707987356614607377e-02 1.560040096228635514e-02
1.661583704401922755e-03 1.448633144683562912e-02
5.028297158847776921e-02 1.361697462641301391e-02
2.837835766032748355e-02 9.442930129528594868e-03
3.902108879669958369e-02 8.251824078592737838e-03
3.499718557596537966e-02 8.682440286905639473e-03
3.694509666421191829e-02 9.282996579047035970e-03
2.328334333568303147e-02 8.717445871260835061e-03
2.773254825802186005e-02 1.015552892248892600e-02
1.186709377105265271e-02 1.125621835975166955e-02
6.552600693442036869e-03 1.274287248319580686e-02
-1.693945522821855079e-02 1.510736886595933672e-02
-3.900633493885124342e-02 1.933726950816888265e-02
