4.760950797760559600e-02 7.599834390372832427e-02
6.406180952795018091e-02 4.533671868601102384e-02
1.315912766343482060e-02 3.742732785892572550e-02
-6.942747354976967940e-03 3.028359490612755889e-02
-1.140664198601472681e-02 2.698350534159853556e-02
-9.369428294447635502e-03 2.404933446332453012e-02
3.845595315844976825e-02 2.190528899711358807e-02
2.276688965285163582e-02 2.096791202898303300e-02
3.637590316036984350e-02 1.941002171500655696e-02
-2.067244162149151944e-03 1.709514951872620828e-02
-1.348740541018102895e-02 1.148881742001086302e-02
-4.591466440207598448e-03 1.221618708166623095e-02
6.382908931985536126e-03 1.138717861463834150e-02
1.750211227047045529e-02 1.182654308493627168e-02
1.139482807615760200e-02 1.289354059637906960e-02
1.704090757345616200e-02 1.285162327568288923e-02
1.707503415167253846e-02 1.539457795852295155e-02
3.502568620872672372e-02 1.744128474588764119e-02
7.554452650027609906e-02 2.013764268820456699e-02
6.326495354241433444e-02 2.628272352961637595e-02
