1.823587468927372057e-02 4.352052910264833652e-02
1.285831872229257523e-02 2.742072925610030895e-02
6.188277707322155548e-03 2.163156097678722856e-02
-2.334766402819698702e-02 1.845943889850571243e-02
7.477929666990989696e-03 1.565125172400622447e-02
-5.647818867960388220e-03 1.433521069136748684e-02
4.151528651502946025e-03 1.364496774955374636e-02
1.427611497068027218e-03 1.279296781138663380e-02
1.342152226511046306e-02 1.247005368180950646e-02
-2.926313944882438789e-02 1.076481618973730917e-02
3.322297270918924544e-02 7.297003953685746516e-03
2.487957530854687654e-02 6.932173923422565651e-03
5.923154378884603471e-02 7.246715696530662935e-03
8.680095033215613765e-02 7.181372839006979446e-03
9.936721423124608710e-02 7.686619009814956577e-03
9.821465157063975771e-02 8.539181056977587433e-03
1.154581072490248744e-01 9.584375105569755207e-03
1.498577076345229131e-01 1.160750359061782713e-02
1.504374546786186873e-01 1.225086971751655415e-02
1.620702367802218657e-01 1.558111952700360486e-02
