2.097539588826383486e-02 4.625432846351267002e-02
1.566768443114478770e-02 3.068278847703307180e-02
-2.685612269787549661e-02 2.463157965222934412e-02
1.716703909275191578e-02 2.040115222580993204e-02
-2.459004361575985523e-02 1.760898739775907870e-02
-1.077350838549707979e-02 1.540250898927475638e-02
1.274602207655267661e-03 1.437470872848811178e-02
1.181983891910831468e-02 1.381855350574683408e-02
1.492578999071100289e-02 1.349994257301039696e-02
7.043011875014062138e-03 1.242376682857550090e-02
-3.360285985622679574e-03 7.963136604315959252e-03
1.338182043545612862e-02 7.062289536278981532e-03
9.897058060152747611e-03 7.516790109778036244e-03
1.952303291605986951e-02 7.763701283527752080e-03
2.261912090458284563e-02 8.297308908099411406e-03
5.574614532252598897e-02 8.972391200976556278e-03
6.049670136667548853e-02 1.004157270970624551e-02
6.417933443459555853e-02 1.189898586525927476e-02
8.182367057059068693e-02 1.373301980103945434e-02
4.958415563101539053e-02 1.733215867074526864e-02
