1.480678277788099149e-02 4.418077953750481485e-02
-3.243413462486263027e-02 2.791812567734240288e-02
8.011398180661738044e-04 2.117282493000566604e-02
-1.658547423475058985e-02 1.871790820398882074e-02
1.887343242512220728e-02 1.667364547130890939e-02
-3.179523440287519622e-03 1.496485595948385781e-02
1.936090761228222157e-02 1.376451344495835394e-02
1.949364354071612265e-02 1.300337961757156227e-02
3.076507835230757630e-04 1.186403589274339677e-02
8.226942610640473191e-03 1.161111031074636528e-02
5.376089306885611235e-04 7.639089804491487265e-03
1.228227216447040811e-02 7.287149538171646714e-03
1.928333799869122456e-02 6.861242699680220047e-03
3.449783325437194570e-02 7.136255055523223374e-03
3.224052688693956892e-02 7.332792629811960700e-03
5.501490948773922474e-02 8.318026953312030944e-03
7.577031220253512001e-02 9.479729797619025622e-03
7.842838876642162227e-02 1.139000576601962092e-02
1.002083308711706616e-01 1.258873623916431650e-02
1.005894364028875332e-01 1.540648056683040050e-02
