7.689598110942526829e-04 6.313903222920667435e-04
-6.914941040156700363e-05 3.981181069277089143e-04
3.302139250552240789e-03 3.737200043612062947e-04
3.772003367678673433e-03 4.082155538607000543e-04
5.511560261377038486e-03 4.634557660188551049e-04
7.545071398703226233e-03 5.038008424746912408e-04
1.100339053415254342e-02 6.388221541347708548e-04
1.290977408192260645e-02 7.634795850024353415e-04
1.646444969441478168e-02 9.600568879463780309e-04
2.030971494780691236e-02 1.033667452579735239e-03
2.485604398934272360e-02 1.180896841636701377e-03
3.038694802532325781e-02 1.530235956838185089e-03
3.910181895049227863e-02 1.910469139202862487e-03
4.486870135873772397e-02 2.341659263414685738e-03
5.087499474367997848e-02 2.756060197801490745e-03
5.728392321154281153e-02 3.032401568504993188e-03
6.621553748515553173e-02 3.614748041281224625e-03
7.337827158415741180e-02 4.615720646443507470e-03
7.967978302097238064e-02 5.364024595170490371e-03
9.180152960172806298e-02 7.006684692168133576e-03
