-5.946529854001551211e-04 5.637433417217069340e-04
-3.007816697918806693e-04 3.579339303754271477e-04
2.604500737539669573e-03 3.766128876112001078e-04
7.490187541501235058e-03 4.269657586010550360e-04
1.172481125020901314e-02 5.518801394520458665e-04
1.721223786859755675e-02 6.838961125352403759e-04
2.205860914280771690e-02 8.643012699118682914e-04
2.747262064615325211e-02 1.052717356748656763e-03
3.292489660296993303e-02 1.257899974663223867e-03
3.609912550912239976e-02 1.390502697589414026e-03
4.378369870421203180e-02 1.654601749206033269e-03
5.167044407353085789e-02 1.929134403993228294e-03
6.034540088936694857e-02 2.330344215372772820e-03
6.803585852835010439e-02 2.782391247106426411e-03
7.390029404869581653e-02 3.138370277681021541e-03
8.018542388018458367e-02 3.372992698629040907e-03
8.672155363512865089e-02 4.004530737714590873e-03
8.647813358162831365e-02 4.495483750498581454e-03
9.269507211935161528e-02 5.291075945239026926e-03
1.053839800696678430e-01 6.606867066939360947e-03
