-1.479313193366684539e-03 1.175324800091490617e-03
5.371757681274227578e-04 7.985482485557849480e-04
7.707481044452735297e-03 7.112931298874830338e-04
7.774699935759836304e-03 7.929120036630775458e-04
9.265215226028382031e-03 8.823344800476555158e-04
9.932806875195224205e-03 8.956981273358573551e-04
9.485736683325248636e-03 8.958222413302061472e-04
1.174198781840838680e-02 1.142162344579335936e-03
1.420565307459991343e-02 1.308934108052387879e-03
1.530349632640903845e-02 1.361460765718868187e-03
1.585514644648946050e-02 1.300892207739249304e-03
2.163754646424929581e-02 1.748909216627369352e-03
2.275312695721773068e-02 2.026727664808233940e-03
2.470503299087682333e-02 2.536242800336870312e-03
2.901183851586849535e-02 3.073002290260342696e-03
3.296663473517395804e-02 3.990756707344763309e-03
4.065013501635486581e-02 5.506441452456047395e-03
3.135546961076113304e-02 6.164150009993176610e-03
3.333373735017354511e-02 7.536672979265846700e-03
3.800338255408108878e-02 1.087159858070267486e-02
