1.746411563730586964e-03 6.323117495718424052e-04
9.675045278150154124e-03 5.676553651072366790e-04
2.064282566530219187e-02 8.941426762254933583e-04
2.473763935142070727e-02 1.035381532194698398e-03
2.660138795566429834e-02 1.121008128927621778e-03
2.565242046432774162e-02 1.088863113174205494e-03
2.388339771870947106e-02 1.027805153489933562e-03
2.036138315528409140e-02 9.322685869536556950e-04
1.591721655353756093e-02 8.457790874272843326e-04
1.051788884078103288e-02 7.822652102154530962e-04
3.440610995752736538e-03 6.058781959993366764e-04
-8.482575159840757828e-03 8.990128893445089838e-04
-2.353021396701380705e-02 1.387844081651425912e-03
-3.493652689780880199e-02 1.944418192902136380e-03
-5.037180039600940712e-02 2.626390651807100195e-03
-6.580066160153494326e-02 3.378764790185271195e-03
-8.341242179710192661e-02 4.270719125560464881e-03
-1.006266743833199306e-01 5.199287686322342193e-03
-1.165638668173374082e-01 6.641098522162098075e-03
-1.274403492410456640e-01 7.505629772265413717e-03
