2.882808820252185668e-04 5.248987324118958766e-04
9.186934580507358228e-03 4.064437250410831456e-04
2.594884678537714290e-02 6.795933040055615387e-04
4.406410322527038598e-02 1.089811726127754704e-03
6.133255500552205197e-02 1.490631235472870009e-03
7.812017539513479991e-02 1.857839014326281282e-03
9.346945894358503482e-02 2.207240197458679686e-03
1.081336363458240135e-01 2.556295853478557020e-03
1.196665156484356118e-01 2.899691279050134810e-03
1.326705545117666252e-01 3.127546449238907938e-03
1.477786032008959749e-01 3.480633807167326805e-03
1.677805240693550914e-01 3.924980353838303931e-03
1.864336135755357560e-01 4.373950619683351221e-03
2.017548014099910803e-01 4.846792071729759226e-03
2.178444790595185643e-01 5.253640356012148974e-03
2.316520145339129588e-01 5.604705344642055102e-03
2.483659360265952076e-01 6.168411193193293340e-03
2.624255803718058555e-01 6.675369565528326866e-03
2.690780319186968361e-01 7.405539542347893203e-03
2.757898301290877541e-01 8.046842108955480286e-03
