1.639878454190633232e-03 2.571273390856244293e-03
-2.120438759525406208e-04 1.692385133711169767e-03
1.840045725420071891e-03 1.296417179870535579e-03
4.360956896153917600e-03 1.121708102272450614e-03
5.831676108807314768e-03 1.202457822485200698e-03
7.560163805050767322e-03 1.119075283714666101e-03
1.004757494451511378e-02 1.210568745889226659e-03
1.171930391764003550e-02 1.266768042842904935e-03
1.542423784275505014e-02 1.486484016651014274e-03
2.030906393348309510e-02 1.621880423495572618e-03
2.427278688381803717e-02 1.597936925371699077e-03
2.913823553444833125e-02 1.945810680776985206e-03
3.801568860200151001e-02 2.483082409161938009e-03
4.468444174205167541e-02 3.252541307012791778e-03
4.902805355225445944e-02 4.043589317362913937e-03
4.903832453081317932e-02 4.671522534820775341e-03
5.829405645207437481e-02 5.818630678641163213e-03
6.040587640056001295e-02 7.678985782539118725e-03
8.308392606097719790e-02 1.039047741333792158e-02
8.378456913285774188e-02 1.374570862297161411e-02
