-6.694046338763665061e-03 5.611458129988712226e-03
2.217013205450226593e-03 3.385641703379735096e-03
2.683493628289606442e-03 2.440901909820407910e-03
5.884254246769881659e-03 2.215708601345360053e-03
1.222514198922661048e-02 2.365639190534203542e-03
7.658903676233817098e-03 2.180999279846332611e-03
1.197285329183521603e-02 2.235047736302179372e-03
6.415064663367088527e-03 2.277296465258056742e-03
1.267624706788155267e-02 2.644433274989846719e-03
1.623047072285261141e-02 2.717733117766528688e-03
1.709882176978291118e-02 2.178974117037576867e-03
2.104691768994566489e-02 2.849800829368729933e-03
2.219758137250211344e-02 3.572584855650112138e-03
2.370070884391302715e-02 4.503408553675164287e-03
2.595918405538141446e-02 6.080787796732276332e-03
2.237899555603561561e-02 8.314373505701418143e-03
3.026830012830128425e-02 1.039890024384447151e-02
1.713728771256705502e-02 1.396835858737627625e-02
1.644479873661913380e-02 1.832220419738326070e-02
6.165677647133085970e-02 2.638659509648739673e-02
