-1.914532088242159062e-04 2.781550437072610564e-03
2.350908906750085684e-03 1.521661367041083615e-03
3.347515985197564280e-03 1.209349541859754303e-03
6.814109498930161560e-03 1.101315769389940927e-03
1.108454475778729471e-02 1.114213988039577420e-03
1.638865827919645801e-02 1.080527500676637699e-03
2.165845132622376545e-02 1.305879285930378140e-03
2.671881246792121370e-02 1.442483712339321040e-03
3.296705877778875748e-02 1.630093690836034205e-03
3.599659005719223898e-02 1.820036918939696392e-03
4.380424033767126024e-02 1.915453067974951309e-03
5.189118500342887463e-02 2.258264317616498484e-03
5.856638083127428673e-02 2.628034224854432829e-03
6.828836876587461580e-02 3.392531461522911747e-03
6.958411049402338233e-02 3.829784748822446464e-03
7.797612570122094966e-02 4.748699221560647755e-03
8.285946165907909222e-02 5.906949600102543059e-03
8.371481057256405234e-02 7.634394386785698164e-03
8.093663477531803929e-02 9.183444244375475393e-03
1.137590611040621286e-01 1.251309928042497639e-02
