4.298500744520947735e-03 2.513291843146806676e-03
5.149343290298718026e-03 1.405817518202901991e-03
1.389225019450659494e-02 1.258877435574150359e-03
2.973310299263038498e-02 1.282632005537509600e-03
4.680737985197847006e-02 1.547018853549083240e-03
6.503132101638064988e-02 1.868382031753058111e-03
8.181893750393318121e-02 2.173815624438482207e-03
1.001086745830555708e-01 2.509104826569638538e-03
1.127771364312375457e-01 2.922162639011309428e-03
1.291733067125011292e-01 3.282990701563816976e-03
1.483935937752065282e-01 3.598877499072626000e-03
1.709763842309072190e-01 4.186515919664150417e-03
1.910005420979517254e-01 4.610994305928724397e-03
2.063189833566148879e-01 5.234706012689973632e-03
2.205675449933200971e-01 5.914947747133482078e-03
2.324466294460827420e-01 6.794139330467506045e-03
2.451115634944222577e-01 7.354127279137822465e-03
2.503575468023793160e-01 8.564459490131201211e-03
2.623765919475815611e-01 1.082646419881438428e-02
2.665421650699398848e-01 1.238356153358088907e-02
