1.131898055026945953e-02 2.801123417024763661e-03
1.810784772913192134e-02 1.833381478578956876e-03
2.898593434803040797e-02 1.903619891745349279e-03
3.365022090619226858e-02 1.810619358640133941e-03
3.746044173438836666e-02 1.885087150926206129e-03
3.699688917286668433e-02 1.861601748030956458e-03
3.461308100452093611e-02 1.808114335784509561e-03
2.962078349725916562e-02 1.642062111461956974e-03
2.174326030847714003e-02 1.590317535077094774e-03
1.669461827065988127e-02 1.532676382993665388e-03
5.348677701951312646e-03 1.213573993946241627e-03
-8.979374743229923822e-03 1.632734796319357728e-03
-3.065716763111694942e-02 2.254505553451608725e-03
-4.018341271722511432e-02 2.738771802065189959e-03
-5.456344816493230443e-02 4.031599997911877557e-03
-6.930659158364742278e-02 5.074780613246749478e-03
-8.932018001191979750e-02 6.471294083371174378e-03
-1.111234850044299644e-01 8.448364904860401758e-03
-1.305276001613245029e-01 1.207529034542029894e-02
-1.398360409717882280e-01 1.414005025365762565e-02
