6.642042036820684434e-04 6.554714209643289604e-04
-7.146731099906327919e-05 4.026338184794094163e-04
3.406011994323230978e-03 3.959745057912214604e-04
3.797350606941233934e-03 4.348996402028803849e-04
5.626551110924673561e-03 5.046354194153460093e-04
7.880797149870038404e-03 5.971284198448535913e-04
1.145403917646816566e-02 6.882556610591695654e-04
1.397797503151872699e-02 8.988229950598774533e-04
1.782363884016637326e-02 1.096338917169319745e-03
2.176721406051351088e-02 1.211436299315231651e-03
2.701839627936449342e-02 1.331978146580533673e-03
3.295641814693800464e-02 1.721122262921801144e-03
4.139210511115005986e-02 2.216667260328823458e-03
4.472589629348799195e-02 2.654336624160136965e-03
4.936066982595745112e-02 3.313357710560162640e-03
5.295290156379540980e-02 3.947010621013819290e-03
5.735231058580721186e-02 4.666779275916829554e-03
6.605105589989405945e-02 6.456417630869288986e-03
7.097608098422289458e-02 8.261440052378575538e-03
8.762721395045056094e-02 1.212120731370056048e-02
