-1.121800355557038076e-03 1.207255652560736310e-03
5.328552964529911090e-04 8.417551422306112068e-04
8.363614028339036097e-03 7.427283121680459781e-04
8.053605600884031906e-03 8.543276849424067147e-04
8.554704546638251805e-03 9.330751386756788029e-04
1.043447779871327710e-02 1.008816619678614464e-03
8.916620429729226263e-03 1.035481978685863242e-03
1.344320291156102243e-02 1.340383066543856692e-03
1.518829669431024168e-02 1.570252013520558000e-03
1.599638239247993740e-02 1.627531902534393561e-03
1.661828192128514750e-02 1.566107193923376448e-03
2.164356072970758521e-02 2.238823986426964445e-03
2.257346431803231024e-02 2.685948912460765000e-03
2.225414958106824298e-02 3.363016730646759597e-03
2.897158994424425815e-02 4.672895760280568363e-03
3.385414919211293672e-02 6.194291727115566748e-03
3.467212764291510013e-02 9.058509895926249167e-03
2.901819808856247185e-02 1.076422297580501702e-02
2.894079605231471286e-02 1.486221715468415312e-02
3.666838570498673344e-02 2.163668167703636583e-02
