-5.467637685276256765e-04 5.755257039210186047e-04
-4.270683200475196934e-04 3.727813449327686888e-04
2.646139535018690418e-03 3.824691363035224783e-04
7.628884438822260486e-03 4.533210119704453788e-04
1.199253780742984624e-02 5.815516400690094343e-04
1.775108451417592784e-02 7.373899944778835843e-04
2.283837340091693716e-02 9.204741862817851462e-04
2.872545156672103028e-02 1.118730230206763879e-03
3.457640497534149315e-02 1.359460978202718748e-03
3.808827677859854405e-02 1.532400958136087349e-03
4.614980541169876743e-02 1.807338943919636377e-03
5.292348398601610937e-02 2.104236481547628376e-03
6.173699515865539028e-02 2.565301513735044388e-03
6.505292106487700621e-02 2.952599375780708395e-03
7.098585749713143267e-02 3.528295873309239463e-03
7.387021672313949516e-02 3.869764665078497846e-03
7.833624202896453947e-02 5.147735519169075423e-03
8.219924147611919196e-02 6.096378917495254637e-03
8.532574018282494677e-02 8.258078028678037669e-03
7.812361390163898023e-02 1.029437424228043900e-02
