1.510803997899964066e-04 5.394963384027486259e-04
9.541983153940610668e-03 4.229621144522374893e-04
2.734280462347714324e-02 7.102569478117076295e-04
4.654883620620692275e-02 1.145426173728405746e-03
6.512123754576483459e-02 1.580493863747278217e-03
8.315798057101389529e-02 1.972023148044747733e-03
1.002226720427620427e-01 2.379441778229384515e-03
1.158870921953255723e-01 2.761205768659678091e-03
1.291695608756754377e-01 3.125848496182473228e-03
1.426543305170267784e-01 3.356718729830700503e-03
1.590573430265373456e-01 3.741533537560273216e-03
1.803380314894763026e-01 4.222712693930578791e-03
1.984209736251178191e-01 4.724412288557989018e-03
2.096535199828158946e-01 5.149607460700058453e-03
2.232024073495409988e-01 5.599766278603156115e-03
2.315014763032828826e-01 5.967542858529406580e-03
2.447253936326942436e-01 6.699887019281709766e-03
2.585260531241083126e-01 7.887952113939254023e-03
2.617608211146806307e-01 9.473413351883872707e-03
2.643213191547602037e-01 1.147628039053881326e-02
