1.281445235784387871e-03 6.501184339338342711e-04
9.109779854348685688e-03 5.625296987176216105e-04
1.982500029744620890e-02 8.599093572590437015e-04
2.340189067668844991e-02 9.922631940352606879e-04
2.443975395921152774e-02 1.054915144405646531e-03
2.225668383336651054e-02 9.814786507272021954e-04
1.943810454233995885e-02 9.238540841163530920e-04
1.462983178023357506e-02 8.146620219935650237e-04
9.104754911393661554e-03 8.067909344791572958e-04
1.120905791372384021e-03 8.364345261139338262e-04
-7.698086299151873230e-03 8.888888671913708003e-04
-2.233268372273629690e-02 1.476129491829963544e-03
-3.979184707303697749e-02 2.094513507216447332e-03
-5.446472068483438483e-02 2.981441973218171022e-03
-7.259211114249929098e-02 3.942343092052784728e-03
-8.539219833211551813e-02 4.793861784669952233e-03
-1.071160247077184297e-01 5.882702489069207945e-03
-1.259212350243096301e-01 7.713000753241429537e-03
-1.444036002312472644e-01 9.473437481084315964e-03
-1.667657562940373928e-01 1.289754633561190564e-02
