-2.091800037660342809e-02 1.812070913865755292e-02
-7.335732597907517090e-03 1.003815855870793423e-02
-8.999309848742031992e-03 7.599998927976983620e-03
2.121703895589301895e-03 6.841921628224771623e-03
1.636912634600826144e-02 6.121053664804742937e-03
1.280495870624509709e-02 5.400848881129485975e-03
9.494109354684674568e-03 4.973258192397535769e-03
9.118706550683579326e-03 5.008007241080740524e-03
1.803481593153866830e-02 4.727361142305958920e-03
8.860400363948724503e-03 5.050324046131521478e-03
1.260527950878595656e-02 3.425075107757021269e-03
2.451458446193286941e-02 3.891883650581848438e-03
2.691425754893971012e-02 4.093110081921056374e-03
2.629942236036133044e-02 5.113181570071419386e-03
3.484639016298208408e-02 6.199831781661500549e-03
4.398971046186137684e-02 7.366584116381170132e-03
5.874790554651831281e-02 9.163228536357641285e-03
4.211838960894948719e-02 1.092590195613048383e-02
3.133273354318563686e-02 1.389901569483146040e-02
5.350524955321871862e-02 1.953693204209086196e-02
