1.077441585014405137e-02 9.747353972764997293e-03
2.701150457781804470e-03 5.663045438973474122e-03
3.853913594754467941e-03 4.234884587390737136e-03
-7.923203868240298424e-04 3.633989092423321830e-03
-1.860214247249727428e-03 3.289310477601921270e-03
-1.921694364845689734e-03 2.715401944246160094e-03
6.950047390179270833e-03 2.761936512843746194e-03
3.373441014405410918e-03 2.625279738157049701e-03
7.849379208299202618e-03 2.718850163995048096e-03
1.122138072779400170e-02 2.486309789665806184e-03
1.571639590592593949e-02 1.775825112003108584e-03
2.552241113185837670e-02 2.271795869642323062e-03
3.789042711130054947e-02 2.591245243436166457e-03
4.706696530354999991e-02 3.343249765991806836e-03
5.565933875386586821e-02 3.716789731555591135e-03
6.482142294848654285e-02 4.751212105365228144e-03
7.703617050774044794e-02 5.741361543995786298e-03
8.355513049921622915e-02 7.367843397514704101e-03
8.070104716215130425e-02 8.822582820851281732e-03
9.840746655422044631e-02 1.045741450194158026e-02
