2.967299443586794965e-03 9.012192133036032310e-03
1.504343615943562300e-02 5.416730933969948064e-03
2.920989264612961975e-02 4.622406140084600948e-03
3.652659234414434852e-02 3.401612610248238699e-03
4.216068344863047046e-02 3.654320441712513318e-03
5.265315860437311257e-02 3.698535607580220701e-03
5.144142441471451915e-02 3.264315500607286365e-03
5.967812937549114155e-02 3.492214486788123694e-03
5.546290631948500721e-02 3.486177391657758334e-03
5.456142193926158401e-02 3.432849135504055429e-03
4.288709579368856634e-02 2.630182899016505777e-03
2.545958929273309246e-02 2.133156761820156639e-03
7.035294266568945833e-03 2.217724092463598754e-03
-7.727916019364444548e-03 2.598893487438226624e-03
-3.306015968625698742e-02 3.371207460124570152e-03
-5.765106131693479435e-02 4.386263633047597470e-03
-7.002198631154180064e-02 5.674696463742599783e-03
-8.583273782863011514e-02 6.739075144093556284e-03
-1.028102232507717012e-01 8.734519017552630840e-03
-1.200515848458275220e-01 1.115090057871901547e-02
