-1.375419050778416315e-02 8.164067342247696007e-03
-3.789175706890037052e-03 4.757295062041644318e-03
-1.056488283758263286e-02 3.550160322018520043e-03
2.084736755125663615e-03 3.063813642538990197e-03
8.752920604747057090e-03 2.959131767904956897e-03
8.828164533836117128e-03 2.681760953210250795e-03
1.059332842076741305e-02 2.516658382295996251e-03
1.510101418708647246e-02 2.535445722498197007e-03
1.963109429604984260e-02 2.502563871274401334e-03
2.423974067888590503e-02 2.468253330390606480e-03
3.413377966243637957e-02 1.962596780611538562e-03
4.870474169462692127e-02 2.403461933438320961e-03
5.988766770917414162e-02 2.992823604232711533e-03
7.167803654453090700e-02 3.555611905073724922e-03
7.867339608482600000e-02 4.110288639722185083e-03
8.908874365340624379e-02 4.669387623630887052e-03
9.811426319826473119e-02 5.640886969454726903e-03
9.492093916124247355e-02 6.145926022942849350e-03
1.010089085657025904e-01 8.072489302302754410e-03
1.229845675839902064e-01 1.023502498719828027e-02
