-1.308389387665990751e-03 8.346078211101465999e-03
-2.130666726879666076e-03 4.879426662522267158e-03
-4.272788723833576214e-04 3.789647578971202732e-03
5.453819457011561782e-03 3.090962234953750949e-03
9.220268255804194013e-03 2.814913292205872830e-03
2.185277863188727840e-02 2.579172210283497448e-03
2.982633765177164845e-02 2.313145665907597685e-03
4.319991156297369600e-02 2.595295133655807409e-03
5.971816629118902736e-02 2.944445451973701049e-03
8.081632387891767022e-02 2.919961918424598523e-03
1.032226019727379984e-01 3.088116287537271461e-03
1.352257746356163304e-01 3.696474750368599661e-03
1.647918790169351499e-01 4.399641679084288944e-03
1.927120085715307019e-01 5.038972277937545444e-03
2.182461115485934966e-01 5.618203385634137903e-03
2.387158689663781141e-01 6.263383776213387807e-03
2.608214619983447724e-01 7.357889292203439666e-03
2.706814924261521371e-01 7.928874955407410122e-03
2.853232597751104715e-01 9.422321365776621660e-03
2.955852708147458374e-01 1.112696243637458123e-02
