-3.314832846414176443e-02 2.811266317515635077e-02
-2.110987018501079074e-02 1.571701729605038539e-02
6.828905872374813578e-03 1.210253706252769658e-02
-3.502736658643588238e-03 9.836743044044575501e-03
8.988658862968844018e-03 8.971336328141706409e-03
2.100294252053868521e-02 7.528212912704560639e-03
1.162518438221953922e-02 7.123286059809781634e-03
3.706664809640870112e-02 6.942456500298903495e-03
5.730523356414132102e-02 6.496163609572854977e-03
5.690321148717904925e-02 6.500196126855962986e-03
7.839923657013563030e-02 4.759773606754936354e-03
1.227627270712184360e-01 5.075333763521447904e-03
1.553662069793357581e-01 5.827186309036995471e-03
1.837772775542191872e-01 6.696646746881679442e-03
2.030027853772566615e-01 7.477229253893694430e-03
2.192976339770532079e-01 8.252097532185897685e-03
2.482973971569800431e-01 9.895959097078821723e-03
2.704439717184864977e-01 1.207434833502882450e-02
2.739540767507561703e-01 1.424853782974559030e-02
2.743676866171441686e-01 1.772130233667338142e-02
