-3.719928726834387245e-02 2.962962344833498102e-02
-1.900167745807975969e-02 1.592982141892859346e-02
4.111822333238871613e-03 1.225306949944960158e-02
6.536939768332041510e-03 9.963481327432377813e-03
-5.650786280183876624e-03 8.854168426733815753e-03
9.864043530857496273e-03 7.912943315614371850e-03
1.191226143842955346e-02 7.908524654351404767e-03
1.217271066625048338e-02 6.793522987670456460e-03
1.724741260421386313e-02 6.899847913519164579e-03
2.110572192496072697e-02 6.123155897424920752e-03
2.959242475115414148e-02 4.198105485320640165e-03
5.007774831055637060e-02 5.044121755083071090e-03
6.357936066768679617e-02 4.878794496318163317e-03
7.717616628386320121e-02 5.938747381801104917e-03
7.461500056047500051e-02 6.414931324985028056e-03
8.463922132686242661e-02 7.585153467586988087e-03
8.890063235569084510e-02 9.022757328651915751e-03
7.432279496529498042e-02 1.113781269898921934e-02
1.035178424799657743e-01 1.330623378662131907e-02
9.352602616273474057e-02 1.832505623672034401e-02
