-2.281856690338637805e-02 3.447042891026932260e-02
-2.483134623090309614e-04 1.779602877382887097e-02
2.602205050505391679e-02 1.353616959260607426e-02
4.150891696195661840e-02 1.134195512982320506e-02
4.742819534654153790e-02 1.059817347680415064e-02
5.493198162563525666e-02 9.475474975884537465e-03
6.995277354209612775e-02 8.711808755265759360e-03
4.026076083317654819e-02 8.108143432836459330e-03
7.370707153711114623e-02 7.859745547653170655e-03
6.571514445159624962e-02 7.591065828435668295e-03
6.110062445402641984e-02 5.425638219773498867e-03
3.828539329674070929e-02 5.198922196976889579e-03
2.726936567419756610e-02 4.749401036549152910e-03
1.350170325938650998e-03 5.141272591692490693e-03
-1.882218269407107472e-02 6.626449765885813505e-03
-3.587823957236666722e-02 8.149524116269492302e-03
-5.747598404396113414e-02 9.721002709898866542e-03
-8.436040946708284194e-02 1.162931780187085283e-02
-7.983466330489635832e-02 1.463710787988254346e-02
-1.039521566222513793e-01 1.931452455782684680e-02
