-1.372615735915111990e-01 6.355069639954595562e-02
-2.647990965554856621e-02 3.403260370200697493e-02
9.291967320570722680e-03 2.615177675679776492e-02
1.710095507925232447e-02 2.118063719475928725e-02
1.358143923243311339e-02 1.867491124600602695e-02
-1.434717795740826293e-02 1.772890059038974286e-02
2.117468288833719917e-03 1.546531169434294667e-02
1.237826796292457697e-02 1.467033109523221621e-02
-3.900820497788069600e-03 1.388359556337993329e-02
1.594468035598993819e-02 1.422744538430793446e-02
1.633759122726475763e-02 9.338139851460059218e-03
1.569253110346094382e-02 9.280266031162207052e-03
8.716600011978154275e-03 1.007808038693664733e-02
4.031090168114766226e-02 1.095001214408150396e-02
1.507881969625418303e-02 1.280394440354294151e-02
1.397166469835130209e-02 1.589962614354337861e-02
4.100372893470707186e-02 1.887488907447727390e-02
2.001608705488824858e-02 2.265501889976504618e-02
5.726197506527351544e-02 2.769405771170126845e-02
2.009698134812600619e-03 3.765148567947274039e-02
