2.632771419893979725e-02 3.257511853618878100e-02
-1.723142580869052587e-02 1.753278707566717845e-02
1.253705746863662505e-02 1.342128582716757730e-02
-1.311036648281424695e-02 1.108605843488183994e-02
2.327738020911460700e-03 9.625224260353964015e-03
-2.342514301503906445e-03 8.580496833518009778e-03
1.437510002162124649e-02 8.291806993188734903e-03
1.273127767727659683e-02 7.561460646073797642e-03
1.509413826601274829e-02 7.227672407504991646e-03
1.002696195864797961e-02 7.436997398500315958e-03
1.830837207021251967e-02 4.601548926202037385e-03
2.249312163126168662e-02 5.101476887645956491e-03
3.619467072161848542e-02 5.029769423033280187e-03
3.931578023537059263e-02 5.950328470867546730e-03
5.322534337454851855e-02 6.824965588656047195e-03
6.116686951951699758e-02 7.992208041069332608e-03
6.764034238692216705e-02 9.557550812564508461e-03
8.496078840770410201e-02 1.248662137627691397e-02
8.676228487014180091e-02 1.546883535839986210e-02
9.378469653991358679e-02 1.935229272066891701e-02
