-2.779143040657180985e-02 3.944627860956469861e-02
-4.185600662025618611e-03 2.499876780074013552e-02
-1.919637223431333237e-02 1.805308645990620631e-02
1.946021611961328349e-02 1.446749644014543382e-02
2.660715330570268683e-02 1.279505706304986078e-02
4.459857956322534414e-03 1.198015382127722017e-02
2.795557828589176688e-02 1.068183367363195746e-02
3.774037751429663162e-02 9.697014139951599249e-03
2.846072657703685449e-02 9.495165758714254473e-03
6.044793848301216466e-02 8.969780698803980074e-03
8.191199315348024479e-02 6.437151141675425195e-03
1.030228486500300161e-01 6.375268820075014747e-03
1.405433296662090825e-01 7.042142536559849869e-03
1.692615958557130151e-01 7.641537741498789782e-03
1.892448697666989088e-01 8.797417789119984718e-03
2.103776862247604129e-01 1.004997852746165703e-02
2.391512072735658967e-01 1.188951963769738739e-02
2.614878359696611310e-01 1.428466378729648795e-02
2.651869352588034912e-01 1.633565522841574566e-02
2.737055605527407010e-01 1.981169265395019488e-02
