-1.132060073918569020e-02 4.423770748347470583e-02
3.674137203098560428e-02 2.955018025886844632e-02
1.658469863814325540e-02 2.147762275431360293e-02
-2.203886245810602815e-02 1.780733554703878979e-02
9.607641871954279711e-03 1.537394950469726795e-02
9.205255078678434288e-03 1.351250617803997217e-02
4.983315755259625120e-03 1.263998321231820689e-02
-2.331650177893482279e-03 1.121774364836354912e-02
1.236749745368677551e-02 1.075663035035180452e-02
-1.892545613991088692e-03 1.033978638959912565e-02
2.513913493353052420e-02 6.602171360148930204e-03
1.847569167079922761e-02 7.119421441670684310e-03
3.221301604522648632e-02 7.267808002005346144e-03
4.774531512433891761e-02 7.615483640457943772e-03
4.730607180814541679e-02 8.949126079305374723e-03
6.648640220565173176e-02 1.051538858158805774e-02
8.959531666999463739e-02 1.255028772911344348e-02
8.988308109385632905e-02 1.526364962594975797e-02
8.330882770490417866e-02 1.847071757276599197e-02
1.290493877932274158e-01 2.174084067611760721e-02
