5.769489629822824317e-02 8.868870904205039540e-02
-8.859456525496894885e-02 5.137035291420397748e-02
-5.089532158615372483e-03 3.896679995472157598e-02
3.985386197932181546e-02 3.303266474939905301e-02
7.568522736832580811e-02 2.870420955269723656e-02
-6.074071151618891384e-03 2.528694495851679241e-02
2.941953222532700182e-02 2.219365153408730737e-02
1.148422219031994783e-02 2.254213972955431203e-02
-2.602414331686304927e-02 1.935328185971265866e-02
1.448888876113318611e-02 1.872127681333894331e-02
-8.552994367127749603e-03 1.293018860636806731e-02
2.503923254975703658e-02 1.288151191761786017e-02
8.267502779831875648e-03 1.378777217819579862e-02
4.679714700145126000e-02 1.464744635399822109e-02
1.693777249451775685e-02 1.543170716531360245e-02
4.751197061911909686e-02 1.970992034226711626e-02
5.275826051240491837e-02 2.441726143675643571e-02
3.604209103709526962e-02 3.011333185373750790e-02
1.600259661703841776e-02 3.515008498200671710e-02
-1.400303700064305969e-02 4.270624546682067618e-02
