-1.407895172508728593e-03 3.904595128494914996e-02
-5.167142023655485125e-03 2.593444662368244932e-02
3.080811985043398205e-02 1.972987562088582628e-02
1.799516986799458776e-02 1.552489577305691051e-02
6.575486693851022822e-03 1.326083020452158492e-02
-4.986012475616236452e-04 1.263495004562761002e-02
9.943467091355146642e-03 1.144358655577026006e-02
1.366502163090022905e-02 9.878760733614093403e-03
6.279641959388901525e-03 9.873660805277939198e-03
2.604707182266289417e-02 8.838351817321433990e-03
4.436194873717905218e-02 6.296692969564188051e-03
4.747108500537045722e-02 6.185109839075194141e-03
5.524831230927620962e-02 6.559126934729951619e-03
7.677625553962517946e-02 7.674615269500152312e-03
9.349359779064868314e-02 8.200611303177037306e-03
8.030849565967322634e-02 9.572007545989781596e-03
9.415645544665164623e-02 1.161396211726997175e-02
7.307308221719893693e-02 1.394359204090226192e-02
9.829386317069972734e-02 1.616325588187961584e-02
1.040723717346777599e-01 1.989353238221663531e-02
