3.725098660939574896e-02 4.337756940706665593e-02
4.589732426472854787e-02 2.757513570019933316e-02
1.028238621288299348e-02 2.088238056975739651e-02
4.616487968259355701e-02 1.762277365887195135e-02
1.223941542362501529e-02 1.415185175087361157e-02
3.430104991142866877e-02 1.418850669436337933e-02
7.736666665572067281e-02 1.237728865452392656e-02
6.900766714955679226e-02 1.139019847518525988e-02
7.598509766805204568e-02 1.093262663270861725e-02
5.870411070041987867e-02 1.037507154113322116e-02
7.160218462149842145e-02 6.911450646938818027e-03
4.857768059436104457e-02 6.787045823737403172e-03
4.262996125431906674e-02 7.130768249956344687e-03
-6.200828939023889270e-03 7.069186178629591893e-03
1.156221774356657947e-02 8.136627006324210695e-03
-2.369290924207521215e-02 9.790419589583104418e-03
-5.189730322860881817e-02 1.178198917176734480e-02
-6.094143597201045343e-02 1.459240211163762013e-02
-1.003134946022510299e-01 1.754763704054022530e-02
-6.004722919056856151e-02 2.127795461373118910e-02
