-6.874734292929282143e-04 5.550773797135978701e-04
-3.557326406507401828e-04 3.718336989991019429e-04
3.632157684313581936e-03 3.441773771650983964e-04
8.490640418070375880e-03 4.971371333922694870e-04
1.442685567874913907e-02 6.714377723921662738e-04
2.005091283141593669e-02 8.282932970010961540e-04
2.605807752138412925e-02 1.099231229488477476e-03
3.275523798940721543e-02 1.313996896467826839e-03
3.851967687486373970e-02 1.567515863577035847e-03
4.395163191518591111e-02 1.793957535239296781e-03
5.094970757016632074e-02 2.006360431180125459e-03
6.366925852415791787e-02 2.465484121723941248e-03
7.156625865260743402e-02 2.879607496517130969e-03
8.122211014213243097e-02 3.271388551739826643e-03
9.043943027019654690e-02 3.597249431485477402e-03
9.605783927072832074e-02 3.995423193646577623e-03
1.056478329259153831e-01 4.631428617590337311e-03
1.105213775532369741e-01 5.066566303028898627e-03
1.131230572185960848e-01 5.510800068650002943e-03
1.166453057682737271e-01 5.689590292978219388e-03
