6.783626572300641621e-04 5.739057227401895157e-04
-2.690974276547809341e-04 4.062655042080085704e-04
1.769122074222691070e-03 3.697031680373322931e-04
3.647829015713267061e-03 4.076693743308948295e-04
6.120963566150490302e-03 4.294666001304085138e-04
8.855937316561746792e-03 5.330104361131215215e-04
1.235298336953936579e-02 6.708928162498140231e-04
1.693108219586455729e-02 7.580962828285967925e-04
2.065383287649075195e-02 8.953116532352062501e-04
2.345238684690124920e-02 1.000080345724958840e-03
2.978990308868082956e-02 1.139818056506159685e-03
3.610068873787414256e-02 1.360346284949274804e-03
4.405253872535118409e-02 1.755625513772622777e-03
5.215765769230574361e-02 1.994290408103459571e-03
5.813792348366435964e-02 2.343702820266963752e-03
6.740726363980896474e-02 2.710723622831907095e-03
7.552024202004264941e-02 3.051088454138182332e-03
8.065253622593333838e-02 3.800393726457304035e-03
8.693759478843982036e-02 4.260099258184503121e-03
8.982050617825888816e-02 5.187638006695343557e-03
