-1.386958993298491837e-03 7.306265412647133415e-04
2.623615522865916944e-04 4.786081049931871002e-04
4.775278095345045215e-03 4.837609104381810255e-04
4.944923429927582624e-03 5.192706193583516679e-04
5.538823305621654730e-03 5.071160005990670754e-04
6.441317889228786314e-03 5.860619304602642009e-04
8.974187327560849761e-03 6.444599277203711231e-04
1.091979877432259702e-02 8.059454256134261987e-04
1.041920647050612395e-02 8.280076709857988942e-04
1.271581878939223587e-02 9.775789393803319821e-04
1.453064574521466430e-02 7.777175543625371385e-04
1.929436962835785058e-02 1.065816472431983103e-03
2.465193079341646692e-02 1.407150885001882783e-03
2.887306551139148802e-02 1.741284029434604771e-03
3.176577070589677726e-02 2.061812739361775903e-03
3.438399669686845184e-02 2.560308986988388442e-03
4.148178858805100927e-02 3.202583231684864602e-03
4.521376836813637001e-02 3.604213789267025209e-03
5.050162977020343502e-02 4.500048301614619981e-03
5.355709649091027619e-02 5.511133525635126228e-03
