2.147947680500235899e-03 6.860480739342299152e-04
8.796599109872297456e-03 5.340148605477011050e-04
1.736674698098870581e-02 7.403604496756499261e-04
2.148816912242396127e-02 8.811165702078164411e-04
2.409424461363564654e-02 1.024487389065908320e-03
2.273412426304979861e-02 9.557342662875067691e-04
2.214105795557966272e-02 9.150074712334083224e-04
1.966789690559303874e-02 9.088489147878215258e-04
1.533838203040637817e-02 7.990432348170885572e-04
1.240918730874762156e-02 8.218990710992725868e-04
7.748850037702073069e-03 6.369926679152930222e-04
-2.633247496879726184e-03 7.330882574403961615e-04
-1.189320961823085547e-02 1.045431403472266759e-03
-2.357779326409233794e-02 1.521022778081946008e-03
-3.703199692146379868e-02 2.079600499341558578e-03
-4.947550930773127881e-02 2.670188290092075784e-03
-6.034377581328109058e-02 3.341358348717662820e-03
-7.508721967070279557e-02 4.125354488678826918e-03
-8.626398894250218718e-02 5.146698038607232760e-03
-1.055278181717935748e-01 5.955174432385729362e-03
