1.058378893339878210e-03 5.342355780592198322e-04
8.482922799033893249e-03 4.133858813495613124e-04
2.323377575610246007e-02 6.186539588567361312e-04
4.123545863251386334e-02 9.290666644819634695e-04
5.712243887840561668e-02 1.253176973207989833e-03
7.298911373964477034e-02 1.631786688431266725e-03
8.770474783174596334e-02 1.936894538911210347e-03
1.020420820231035114e-01 2.223507219083754177e-03
1.141627154567140812e-01 2.470811943691247382e-03
1.263324902084517753e-01 2.681691705559746414e-03
1.417739901201991171e-01 3.010323947084587483e-03
1.608079952839748528e-01 3.413422472308531852e-03
1.786023308239261809e-01 3.782001987239360687e-03
1.944828058816664984e-01 4.083231586500784237e-03
2.120855522559671191e-01 4.482481088421572113e-03
2.259977702496920315e-01 4.795143732318962390e-03
2.407391398690588713e-01 5.136993101524950193e-03
2.517588277529138607e-01 5.621398297799487867e-03
2.689047939130781995e-01 6.059350101206757190e-03
2.771747216003767056e-01 6.648614635691996178e-03
