4.551260617720901888e-03 2.995988265712030280e-03
4.948763115991574972e-05 1.788254860258054000e-03
-1.405367514336721899e-03 1.413958831417282559e-03
2.610280342568480072e-03 1.204229841451972790e-03
2.891339537826471875e-03 1.193965406425630954e-03
5.242089184445822454e-03 1.176655517555002303e-03
7.880833516638843100e-03 1.207810733580739690e-03
1.530380909741976998e-02 1.356108918883954136e-03
1.531340982901291219e-02 1.425673297595665039e-03
1.944919710416173272e-02 1.462627978047988499e-03
2.701810192060470281e-02 1.440477554896534441e-03
3.445180299847318967e-02 1.713260924760587420e-03
4.458477342549133776e-02 2.161637833556116599e-03
5.739903568990983862e-02 2.706076405818891046e-03
5.977481280041978956e-02 3.147929009704641436e-03
7.312410470860515599e-02 3.994972588476705146e-03
7.875752259494472884e-02 4.754567808517008894e-03
7.754067033159178779e-02 6.269465242063147412e-03
7.116470863592747054e-02 7.585548012955832704e-03
9.595206184139325190e-02 1.025066198643623944e-02
