1.457040863879881850e-03 4.083744923538672883e-03
2.277950839832776230e-06 2.278207070056335708e-03
3.336278366789209929e-03 1.821418604520444332e-03
5.013658877157396894e-03 1.591586040474209356e-03
3.150780553781018165e-03 1.489712232947464294e-03
2.996500202312565603e-03 1.376363457291890791e-03
7.247414859852915198e-03 1.473050150893351904e-03
7.530488751518061435e-03 1.633582667772731818e-03
8.755962890382567101e-03 1.571174717402688088e-03
1.178622479796317957e-02 1.830192699259623095e-03
1.305780434038218869e-02 1.360632168677410872e-03
1.915108586559779308e-02 1.785017571376958621e-03
2.661888757081007015e-02 2.263615995305144363e-03
3.078680925213219191e-02 2.746242875366515686e-03
3.601711838198714405e-02 3.433794519059485927e-03
3.318903711752759639e-02 4.371230720083598038e-03
4.810534536674052064e-02 5.912443502558966529e-03
4.594767531252299392e-02 6.938530359716597699e-03
4.939716283592789081e-02 9.674235309847989059e-03
5.844005431794734723e-02 1.279317579463113384e-02
