5.104318135416015256e-03 2.738485315036108883e-03
8.647935686544178102e-04 1.685717070493217371e-03
8.004560022987727147e-03 1.357344012294004702e-03
1.741110019294831932e-02 1.229057426430013242e-03
3.203189489253104039e-02 1.284723384229117258e-03
4.706481895724827502e-02 1.479560517189588672e-03
6.405835992163905201e-02 1.807045364955312677e-03
8.162828444994829624e-02 2.178558051906022593e-03
9.756940259426190309e-02 2.387387684312770875e-03
1.148382317223988341e-01 2.706297389464605400e-03
1.347919176642141947e-01 2.987481838705844522e-03
1.620014980057681298e-01 3.596098518807047065e-03
1.838902392531727714e-01 4.046652061451798919e-03
2.031965111463114038e-01 4.431940193460374988e-03
2.235204227784842734e-01 5.058676289142074664e-03
2.371308273151291612e-01 5.566352093260079452e-03
2.529031438795506515e-01 6.384984040839846060e-03
2.657597797047487886e-01 7.621609452566129213e-03
2.753522445393433160e-01 8.604588758066333484e-03
2.846429389441301194e-01 1.059182749370943602e-02
