1.187884198525221381e-03 3.143604569946349160e-03
1.338422860800781919e-02 2.076665341907840689e-03
2.070134494188607607e-02 1.755293860716282319e-03
2.578756204495489743e-02 1.681282395111725328e-03
3.099894487861174636e-02 1.806639552123136781e-03
3.235446483350511854e-02 1.791333407888096767e-03
3.281331687259984864e-02 1.731946754264527405e-03
3.113599079978003614e-02 1.736650965144956316e-03
2.637276341984195679e-02 1.715176998252327268e-03
2.025580990651992125e-02 1.576095607474333653e-03
1.333468531161554824e-02 1.271136779290458953e-03
1.079231327665033610e-05 1.406996657913652145e-03
-1.064540881958800193e-02 1.856225531012170409e-03
-2.510036658704518225e-02 2.591908682960445548e-03
-4.973373991446152637e-02 3.512090624286558476e-03
-5.541647819123979302e-02 4.165334940680017091e-03
-7.614293508680694544e-02 5.581230737399448319e-03
-1.022601029163264647e-01 7.417513547782379063e-03
-1.041402823233689157e-01 9.133570112961553883e-03
-1.344529456965697922e-01 1.221493458110912630e-02
