3.787152729676484392e-04 2.703111430859064367e-03
-7.828885559227783276e-04 1.607890613306820317e-03
1.943143157667677999e-03 1.367269888544292780e-03
3.574983745865112188e-03 1.182377265621381525e-03
7.579551228826777315e-03 1.130351045767865768e-03
1.165454082221437961e-02 1.158242293292728511e-03
2.033635676967049388e-02 1.431597787847773513e-03
2.514085281046717774e-02 1.430409854135205163e-03
3.287998026693460252e-02 1.777499166056881446e-03
4.196903539542294614e-02 2.130689157110335873e-03
4.989744184050011466e-02 2.131852675149902183e-03
6.327587569462574113e-02 2.597092494452235729e-03
7.461404813234405464e-02 3.203265454780036391e-03
8.485093859422206120e-02 3.765244947454183307e-03
9.158983736169651335e-02 4.112162022048389959e-03
9.800786946345090012e-02 4.962436916208348529e-03
1.049583420621331420e-01 5.749731455646058323e-03
1.131833810983447069e-01 6.901115912617224180e-03
1.047547057641397550e-01 8.432219403184082820e-03
1.179057217262670237e-01 1.040296962462109592e-02
