2.202275008322035401e-03 6.967214664693233183e-04
8.606800289576209753e-03 5.399754853754758612e-04
1.716020976171223761e-02 7.397873242533427058e-04
2.116760338056590182e-02 8.797807218294857604e-04
2.327140634279578624e-02 9.940490897730354641e-04
2.108789376751674452e-02 9.252087390020923311e-04
1.979464967789712135e-02 8.780413273081965828e-04
1.583665638477448762e-02 8.496364699566256659e-04
1.045945248880924584e-02 8.273859494753266295e-04
6.979758758622185005e-03 8.913323189446687410e-04
2.624478968604158110e-04 7.569176137528799706e-04
-1.393978449316513740e-02 1.154022182719430072e-03
-2.829734666983126437e-02 1.685057937373318293e-03
-4.376318251946571120e-02 2.403823261895711091e-03
-5.959816998245898167e-02 3.238294017802404150e-03
-7.539542382445744984e-02 4.105240224407052420e-03
-8.959137918869114481e-02 5.034277117983885011e-03
-1.021090492442105063e-01 6.654165463611670835e-03
-1.216768436829409744e-01 8.574974600632776986e-03
-1.500205039289005393e-01 1.107573188543338125e-02
