-1.502710032376771603e-03 7.549771957073376973e-04
3.275009361246840551e-04 4.904778692407771356e-04
4.822483231283966609e-03 4.996624317042396317e-04
4.826750407581110666e-03 5.375508975170641699e-04
5.778883507670229056e-03 5.551529844907333476e-04
7.236178199834191090e-03 6.498913746487386704e-04
9.821221874124862541e-03 7.307305246171218443e-04
1.216694946650318312e-02 8.945842093144822224e-04
1.151090890925872065e-02 9.532776174651606945e-04
1.393365288588967361e-02 1.113890902535303413e-03
1.655316364304562637e-02 9.288550852684902088e-04
2.251947603737585249e-02 1.296577068251039948e-03
2.868550470030929028e-02 1.766186837632456336e-03
3.191479299960141292e-02 2.249632343955960609e-03
3.559384798529542648e-02 2.947948867608028538e-03
3.697555480993420379e-02 3.581068323261976834e-03
3.051939079332661661e-02 4.593695549191651427e-03
4.032099518595695653e-02 6.274188784997331014e-03
4.121663965414732594e-02 8.581673694417431275e-03
4.880730071732408692e-02 1.129224566731487113e-02
