-7.022090772730748458e-04 5.747782784131595700e-04
-3.481481329035249379e-04 3.863819490084280340e-04
3.768092627311221861e-03 3.606984218167769369e-04
9.128501416709931121e-03 5.321859871512788116e-04
1.562346510385163693e-02 7.349857776132041453e-04
2.219583652450893632e-02 9.099136424993878270e-04
2.825701018592258890e-02 1.182983960192380548e-03
3.644687998695034237e-02 1.474096315560582699e-03
4.272081522261561570e-02 1.744616245565165690e-03
4.816264606731974346e-02 1.975459519332774857e-03
5.697741077887012034e-02 2.279961323733624597e-03
7.194707171233019616e-02 2.871758995794232525e-03
8.073140119865049313e-02 3.273084059069771967e-03
8.974852404079584900e-02 3.732150594564645398e-03
9.823641886708162074e-02 4.131212411679112233e-03
1.041047138431571706e-01 4.787223909208150781e-03
1.108962956045479453e-01 5.326547041059031228e-03
1.078293828521371955e-01 6.341448768797284044e-03
1.087828818621826843e-01 7.554562244078840381e-03
1.044601965552843931e-01 9.310838281736765962e-03
