9.207073661804446828e-04 5.579927158462020783e-04
8.890960343793817902e-03 4.171622859241379375e-04
2.457384638732070664e-02 6.481826056911331761e-04
4.421283318604236900e-02 9.990612281419743688e-04
6.161749278703159555e-02 1.353279932230101691e-03
7.940385122260107398e-02 1.773289279273099813e-03
9.561521069713505017e-02 2.096897923727988108e-03
1.115571393551461760e-01 2.402094798427777903e-03
1.254998678267581491e-01 2.714452256817181247e-03
1.389895177286578909e-01 2.946966953223393530e-03
1.568658488638104975e-01 3.321768202197176219e-03
1.782532644768687058e-01 3.781465960324325182e-03
1.990406073772698070e-01 4.209373418532443706e-03
2.167104673633717393e-01 4.593113532860516358e-03
2.354127459769626840e-01 5.069996278694769744e-03
2.446692735718626888e-01 5.524724642376672643e-03
2.577735772233866185e-01 6.044916182826246334e-03
2.643439120034345446e-01 6.640003025154541869e-03
2.717408333783494223e-01 7.591946262464363201e-03
2.678414769647106120e-01 9.949330578410325865e-03
