5.085213677109931161e-04 5.769042728742199014e-04
-2.311984928080091132e-04 4.140884026878076428e-04
1.953164219897561386e-03 3.916729876631616777e-04
3.870049840214077538e-03 4.280213709524331592e-04
6.556117902922950144e-03 4.670164573416223661e-04
9.696480153689802581e-03 5.889695816544672719e-04
1.364973609007387630e-02 7.400670181582447247e-04
1.807098234649791302e-02 8.379736624670071354e-04
2.336588457810744382e-02 1.046872785547493497e-03
2.711664314863988789e-02 1.195015855298830251e-03
3.447266747543065862e-02 1.313034538101774326e-03
4.173380552026744600e-02 1.610527501879639896e-03
5.088183106106193565e-02 2.122936918489339020e-03
5.799299762245706952e-02 2.429125113526626762e-03
6.737719529825757225e-02 2.938463515745883600e-03
7.059818603078336918e-02 3.420489265571258208e-03
7.709531844610907625e-02 4.135668545608627185e-03
8.454762334296693493e-02 5.476353829054056953e-03
7.979134067017956689e-02 6.547018888083637814e-03
7.529432252467359310e-02 8.554868542241619855e-03
