-7.825334703806097582e-04 1.396556754723924515e-02
-7.866649396317105733e-03 7.365450592791979514e-03
1.471330828258947052e-02 5.881943403693870587e-03
1.315186620590377484e-02 5.104272839332376147e-03
1.003690841811205083e-02 4.544297631280777745e-03
-3.007834730580250839e-03 4.189160970908931310e-03
3.562287778490797895e-04 3.876607907883888957e-03
2.549339966030538408e-03 3.698236873529206145e-03
4.553991746394071838e-03 3.602546320103059817e-03
4.909762448657641228e-03 3.373215478658431188e-03
4.219427035689884628e-03 2.386394639814534702e-03
8.800264062225995540e-03 2.465610586859458189e-03
1.340896851556635724e-02 2.702407627065635080e-03
2.590411818938265914e-02 3.113175964716188588e-03
2.760266882254958087e-02 3.516134511904207144e-03
3.574604075155301403e-02 4.479248018977039468e-03
4.821435962763161165e-02 5.273878025092116825e-03
4.500849078890288568e-02 6.020097584213286550e-03
5.959953106332423201e-02 7.685493028480120878e-03
6.109074400929793980e-02 9.507427352156712363e-03
