1.030544837604243985e-03 1.083237291964502143e-02
-6.029043553318330813e-03 5.598308934318080125e-03
4.433679998348130993e-03 4.508720189110030502e-03
-5.876117871022768814e-03 4.183185761816085764e-03
4.360163740806455475e-03 3.347159845997981029e-03
-1.196086011651963750e-03 3.185276271994936029e-03
3.050722414129349806e-03 3.071317783060213084e-03
4.526711810504707723e-03 2.931764912295692013e-03
1.554269534896048728e-03 2.625352853504676724e-03
1.192821942198152773e-03 2.618701669984937943e-03
6.702642780626739440e-03 1.846637431501171097e-03
1.783394177098388683e-02 2.010860025386097902e-03
2.685352357975237872e-02 2.234708398601970188e-03
4.088417457807091981e-02 2.678994822364710263e-03
5.008198801335139033e-02 3.172777928027060903e-03
6.351167308138830347e-02 3.750708286157687556e-03
7.792041981141745177e-02 4.682152489560070623e-03
8.681277633096219637e-02 5.423938985784166646e-03
9.991873768549544566e-02 6.760932518196731932e-03
9.766252417915756434e-02 7.945324242739949805e-03
