-4.537897814263199881e-04 1.039465505743943780e-02
2.146440865501267337e-03 5.408854365177536046e-03
2.441736357145930791e-03 4.303563617732064119e-03
7.969228824676970993e-05 3.737859635572222949e-03
2.894957835172716227e-03 3.448119577245536017e-03
-4.711920078210670229e-03 3.074181369257191279e-03
3.494858217955876430e-03 2.963645108540156892e-03
-7.217510089701037078e-04 2.803566682672537815e-03
5.317850832061027551e-03 2.832632380764223395e-03
1.131844732864531466e-02 2.670533311982797343e-03
1.563911991493594639e-02 1.938563839853624932e-03
3.340283646390745931e-02 2.255610099964410788e-03
4.659155449499140927e-02 2.811927567146214630e-03
6.504035378033200254e-02 3.447999102277398559e-03
8.319727675806518064e-02 4.125811104494022871e-03
9.168457962985034071e-02 4.433574940650111644e-03
1.070648532784305856e-01 5.578562814174557218e-03
1.078134613374299999e-01 5.960368847156763752e-03
1.215374849604467650e-01 7.355669150317008416e-03
1.279917776261833284e-01 8.131439474703787418e-03
