-8.374743022863659347e-03 9.773227762785521161e-03
5.491180958406804459e-03 5.338809698953642276e-03
4.047655373570485248e-04 4.187253674235207751e-03
-1.849044032209745930e-03 3.668722000036751980e-03
3.995175238385101704e-03 3.361998721192201167e-03
5.600592134388030809e-03 2.859526353265196864e-03
1.827762091560528393e-02 2.936294527650236755e-03
2.412280685117081450e-02 2.808860133697615308e-03
2.976632028221712009e-02 2.663347935895890237e-03
4.109612181126624797e-02 2.846284576994290161e-03
6.499384262180735172e-02 2.430161884414811478e-03
9.585008718203140432e-02 2.681366501322746034e-03
1.257902041234687240e-01 3.368169194302840161e-03
1.543846406228200907e-01 3.940758134665637950e-03
1.830624184482762817e-01 4.497413741569879740e-03
2.131059238498863029e-01 5.228197583076803386e-03
2.316143767435061562e-01 5.608313993808390803e-03
2.508347088939726355e-01 6.713804069530546551e-03
2.742173599665810313e-01 7.446655681871709211e-03
2.918620686420068666e-01 8.630955237507245692e-03
