-6.048151661972529618e-03 1.120777138905661163e-02
-2.442453626546884932e-03 6.511480652813259225e-03
1.228383865837632052e-02 5.131013789902703383e-03
1.456573192338953167e-02 4.289795892065904545e-03
1.962512336356778825e-02 3.897673726403060902e-03
2.215225415961331878e-02 3.613276155808785913e-03
2.641312944216679323e-02 3.530330879736603370e-03
3.874144196190331541e-02 3.535145029929321996e-03
3.795655939931508183e-02 3.324300020690237802e-03
4.051030508766804983e-02 3.456919534962693205e-03
4.021326178140868096e-02 2.661321484139828834e-03
3.396966863889344657e-02 2.510661614343478835e-03
2.419691251256431141e-02 2.357913343194360627e-03
7.846975521692360275e-03 2.605590265211149125e-03
-7.730488589265087016e-03 2.850948349865367430e-03
-2.877690270534662142e-02 3.597646253610097249e-03
-4.130528572036987894e-02 4.302936369771137581e-03
-5.751634369701569965e-02 5.296466132068602256e-03
-6.564352853094501672e-02 6.826614932113829644e-03
-8.540382724788496416e-02 8.109410734300987258e-03
