8.300296927168186387e-03 3.262774250823394923e-02
-1.546790369343143366e-02 1.793070819787231929e-02
1.530424202255648361e-02 1.379073820235635593e-02
-4.421076228714754947e-03 1.313238290203561261e-02
1.752160885463235895e-02 1.073073628990085793e-02
-4.192740721208821318e-03 9.942836040932051186e-03
-1.023267658805475464e-03 9.303736550948191533e-03
5.335963948469039572e-05 8.404955285332369255e-03
1.498210257242735439e-02 8.310425198344737960e-03
2.603022825615557232e-03 7.449504268247955988e-03
3.532126450602065225e-03 5.453329512226128516e-03
1.054191919705688672e-02 5.228019168401517973e-03
2.687070507085416796e-02 5.500671610032151042e-03
3.275196999572730500e-02 5.398720870521058965e-03
2.905570470434201344e-02 5.970686867933293167e-03
4.934650374525843125e-02 7.132824112298855393e-03
6.557683905678196590e-02 7.740251430750221158e-03
7.172943445157239917e-02 9.839403008815890764e-03
9.180316058801132884e-02 1.177614945282456395e-02
6.332989381970650922e-02 1.427282078852061542e-02
