-6.996912010124083960e-03 3.113159273689267148e-02
1.867262322160326976e-02 1.871706358970570694e-02
9.617944347856080978e-04 1.354449106353592010e-02
6.145149768942984730e-03 1.195793365837374139e-02
-2.347817544282771503e-03 1.025085112125060337e-02
-1.689756336301082018e-02 9.421700491138917596e-03
2.414122828709883584e-03 7.878909329305832515e-03
9.184528072486264350e-03 8.014505497483967109e-03
2.622561518923193641e-02 7.604638171671553211e-03
3.066663454339515343e-02 7.225744584961471713e-03
5.040156473949763960e-02 5.120236703826957017e-03
6.454227503965105639e-02 4.885738566574777259e-03
1.112096556775816064e-01 5.414124813824455935e-03
1.303776238767213880e-01 5.955143782224896383e-03
1.586044344261414163e-01 6.575013347262613841e-03
1.761297345694415872e-01 7.265442601293569183e-03
2.093584969974640053e-01 8.055173631469680906e-03
2.279056147104685515e-01 9.660840838755379786e-03
2.357549248202600312e-01 1.151882508613318902e-02
2.565769570196674287e-01 1.392841324663892690e-02
