2.114907756201375028e-02 3.258552594810600056e-02
1.885820641371612968e-02 1.923621653504135193e-02
-1.104977006127073197e-02 1.468855661800236127e-02
-9.629124392314331385e-03 1.206387106149945342e-02
-1.486641109528902445e-02 1.038028946264874831e-02
-5.125567753277123113e-03 9.257953846134687678e-03
-3.944430617694178430e-03 8.095352696182092980e-03
9.398509418629318046e-03 7.826437565158748250e-03
-8.281456042013768740e-03 8.107794638249746222e-03
-2.644236150720223957e-03 7.609551295660578474e-03
5.344094338054223257e-03 4.663355399049876580e-03
2.420535250459761312e-02 4.800067682017140555e-03
3.908513641888964468e-02 5.036839187450110542e-03
5.942483034964674005e-02 5.578885047791278320e-03
7.890851275860670533e-02 6.326971873552267658e-03
8.176053118177385726e-02 7.063453303262927710e-03
9.671873450496794311e-02 8.481758539871802477e-03
1.145335254742054221e-01 8.995761699811468878e-03
1.237117984781113261e-01 1.117429378425689561e-02
1.144264110452479360e-01 1.416729568422536722e-02
