-1.502415547415594625e-02 4.264494621769705091e-02
-1.149154063626492243e-02 2.451720686697990426e-02
-9.024953733451962848e-03 1.825768956199058310e-02
6.693912493519867113e-03 1.599910996786657255e-02
1.335437176780455808e-03 1.402818248736796905e-02
1.586044459620132921e-02 1.233547418720730947e-02
-2.078702318747443351e-02 1.141500581873122408e-02
1.366446236672529124e-02 1.121235245794136200e-02
-5.048174207150217009e-03 1.027399200648725260e-02
-1.667438266235277784e-03 1.005806893437928388e-02
3.888362215112293671e-03 6.853911508038161744e-03
5.144371561937477466e-03 6.244543467563869535e-03
4.948611767154915443e-03 6.717506499121336100e-03
1.176558139670143971e-02 7.071413524304969583e-03
1.896907588721650009e-02 7.619317324228849081e-03
3.061003806884343703e-02 8.883438297866504477e-03
4.318149142269923912e-02 1.014599352847256851e-02
4.770345036062355326e-02 1.136157627060031990e-02
5.978840404653441160e-02 1.496561702220582969e-02
4.621678322475860495e-02 1.757274451242578361e-02
