1.283813023143128441e-03 3.652080207637659753e-02
1.229029359830934726e-02 2.174910158215595177e-02
-5.874340153694892781e-04 1.601602592206242265e-02
-2.566874160213086092e-03 1.330375573832867468e-02
1.175995508169424934e-02 1.193954842008468006e-02
2.979445108998100486e-02 1.129934664466303827e-02
1.528689872287254149e-02 1.007037357954185773e-02
3.477539591597728075e-02 9.691207651851834956e-03
3.714685937411841415e-02 8.814848752543819055e-03
4.508355442083523262e-02 8.461365893604003499e-03
4.830671997757620545e-02 6.191367857217844155e-03
5.506292036269790080e-02 5.955194987613332720e-03
3.996965172145014455e-02 5.870440484789595827e-03
2.099446169466181664e-02 6.045513863841102571e-03
1.545795597620358910e-02 6.385977485079095094e-03
-1.217505893104329877e-02 7.608751726527583290e-03
-2.518452234286074759e-02 8.570258512328326334e-03
-5.895960394784451053e-02 1.042692583086977411e-02
-7.283159181124225501e-02 1.266284166828292139e-02
-7.451731693491481234e-02 1.578126086279345308e-02
