-5.959860460443582031e-02 4.218196368707761296e-02
-4.915231757787587828e-03 2.883964721955789220e-02
4.158866415005952125e-03 2.169802129786295442e-02
-9.785096707194684829e-03 1.801396762425365797e-02
1.426019517039329304e-02 1.548850722990177502e-02
3.593412851026132199e-02 1.430328411184528248e-02
-6.065296818850669097e-03 1.315268039311720191e-02
-8.276275567359100277e-03 1.205271330494136171e-02
9.104771346208403310e-03 1.208963324678557355e-02
1.301989076439017540e-02 1.164088554853458420e-02
-2.221932741947380083e-03 7.282068787318969616e-03
1.372312627120847971e-02 7.109674819684916151e-03
1.872053257852802910e-02 6.935491452254084234e-03
2.948194791566653011e-02 7.470036630957278823e-03
3.486615587978188213e-02 8.131124639809054686e-03
6.529789508911307272e-02 9.346803617915904958e-03
7.404811376373497678e-02 1.049452874704629758e-02
6.614488657152080286e-02 1.258748940107123210e-02
8.956514366359115409e-02 1.480844207656483585e-02
1.161498574682259394e-01 1.722672330118178372e-02
