8.467941636363245095e-02 4.631251879478576194e-02
3.853005109502350561e-02 3.251782105462198286e-02
5.095896452644857466e-02 2.583541542291356574e-02
9.553558428341633185e-03 1.962471002018216157e-02
1.301014766363344302e-02 1.820237594364284076e-02
2.571426834000276745e-02 1.632561087440190586e-02
3.412380984679645041e-02 1.411248062900051330e-02
2.323173666462248488e-02 1.351907883141529286e-02
3.511577631612215755e-02 1.275065748183250303e-02
5.136266350924880569e-02 1.263954376062275536e-02
6.312701186257241304e-02 8.817088046009660326e-03
5.967913561460522209e-02 8.047589669523850381e-03
3.547357392147250377e-02 7.772254934944790999e-03
2.923530334223873803e-02 8.389148918463044252e-03
3.660384432577348801e-02 8.521843419547174212e-03
6.678926486610756857e-03 9.889493853487052802e-03
-3.377187042286514812e-03 1.101155956653808790e-02
-1.759814634201047751e-02 1.354329462231940000e-02
-5.195722852455424839e-02 1.566072242679967391e-02
-7.093174067570358343e-02 1.855486532029622382e-02
