-5.968666502994818962e-02 4.214370938490993174e-02
1.328958269830853543e-02 2.813608506591787004e-02
8.693793492980640691e-03 2.183075675285933367e-02
-1.062076855515569317e-02 1.705050228029774545e-02
1.034711445530100971e-02 1.583879787351537977e-02
-6.392593786686919834e-03 1.349026020239002359e-02
5.721502038303518181e-03 1.229775325665686571e-02
1.456679396223740236e-03 1.186606075082535620e-02
-2.394112710815770283e-03 1.141547736348180742e-02
1.064007405985239324e-02 1.041244030946562177e-02
6.742532840752604555e-03 6.505836742379848651e-03
2.688779016141778014e-02 6.589720023942446415e-03
2.787892719892807319e-02 6.570367907791805837e-03
4.722190284419281597e-02 7.748015710920245006e-03
6.955028472838678533e-02 7.797253228231619884e-03
7.716738212806072139e-02 9.320708828019660247e-03
9.172481788278237513e-02 1.025780032400212816e-02
1.186439873155814700e-01 1.180561488532034208e-02
1.211609263210561976e-01 1.365147754367227080e-02
1.050372814716540593e-01 1.677293682606100650e-02
