7.152276518381675552e-02 5.300123603163709590e-02
3.258109677162485812e-02 3.704459353859666099e-02
1.982372366237310224e-02 2.891737530910679088e-02
5.738488824294573493e-03 2.271583665219575887e-02
1.008248062893320023e-02 2.033589059218943867e-02
-1.029390857118996040e-03 1.831582978899177691e-02
-1.901955830657161639e-03 1.674954923706684778e-02
-4.584617927986314560e-03 1.617439956264528009e-02
9.483908800118585197e-03 1.526121952047398457e-02
6.740663472970044243e-03 1.326878071524857303e-02
5.948689690114743189e-03 9.509771303684976668e-03
1.394075123600363062e-03 9.233297717823838249e-03
2.326324563102724272e-02 9.365527339923034392e-03
1.826049859211182486e-02 9.700961020364495813e-03
7.838470386236811790e-03 1.024849835842741967e-02
2.474280748363329868e-02 1.183953685998311023e-02
5.073232352038843651e-02 1.354597355100667193e-02
7.726558802167168838e-02 1.593844078848765181e-02
3.500884009066613373e-02 1.820385540755243073e-02
3.886101541183563379e-02 2.224929414340503023e-02
