-1.245213458671102710e-02 3.980390240477573588e-02
4.256339355132744695e-02 2.737284129309382197e-02
-3.256225766644931657e-02 2.087378989387293424e-02
1.559524930225763412e-02 1.676912193397508619e-02
3.064783184042878771e-03 1.478887649902273053e-02
9.187828861046151360e-03 1.404928699690516716e-02
1.262910363627180697e-02 1.234799739723995392e-02
1.041726172874360944e-02 1.178289084127070487e-02
2.209910344354957135e-03 1.074392277549547983e-02
2.420891984023832919e-02 1.060953540259258927e-02
4.679524863571834364e-02 6.977350584562318041e-03
7.761255273405240351e-02 7.146024405876932710e-03
9.215378837194776462e-02 7.199518984976238829e-03
1.320633880073081856e-01 7.281981821248422436e-03
1.585352453488314550e-01 8.011799038808479004e-03
1.891241599963537634e-01 9.532912430846944216e-03
2.003327889927103145e-01 1.031459345626077953e-02
2.137715503862351596e-01 1.194514307768529404e-02
2.546403980612975126e-01 1.422817890071604793e-02
2.848853240553522181e-01 1.642651198926176406e-02
