2.068817988212599997e-03 6.475982002192723569e-04
6.139456847683692937e-03 5.255724787361134437e-04
1.486444913003584847e-02 6.814965659949002216e-04
1.900652198001704513e-02 8.367191984389265149e-04
2.052643869530132101e-02 8.818965323229166096e-04
2.134112245312363987e-02 9.521508988498787740e-04
2.050112032981934312e-02 9.005096770153073887e-04
1.815338944515086650e-02 8.701913580556640878e-04
1.654367679665715365e-02 9.128662898227878639e-04
1.192917224046564917e-02 7.956189044083560383e-04
9.386731035222400238e-03 6.336561242430083707e-04
2.516134546708395734e-03 7.169206247551914964e-04
-5.471050599216868704e-03 8.644024875258806773e-04
-1.196642438183909141e-02 1.246092334242491833e-03
-2.245634126276336781e-02 1.737311315255164702e-03
-3.498011528577267548e-02 2.169692372237030237e-03
-4.294419115966828515e-02 2.704781766294900216e-03
-5.640604654333882667e-02 3.219595577120667237e-03
-7.455749069608001711e-02 4.246370635365854726e-03
-7.389853240263717649e-02 5.048469723558898434e-03
