-2.919484174203631848e-04 6.189767443976089065e-04
-4.813300341898526916e-04 4.053464176745373224e-04
1.699986287474992280e-03 4.031495592746685676e-04
3.029262492923691028e-03 4.171483780853503520e-04
4.525116844782929408e-03 4.607388896088102071e-04
6.415465656418875388e-03 4.790248982930129314e-04
9.122033278754985985e-03 5.792235836088325054e-04
1.312320298762890622e-02 6.618197234974051209e-04
1.519868239596101553e-02 7.717050256046521046e-04
1.801652225766498666e-02 8.897346740176552632e-04
2.368118178048628578e-02 9.197159352761543607e-04
2.948813032865845937e-02 1.158755784601461520e-03
3.613533620031098709e-02 1.490882461430499944e-03
4.426637220774814335e-02 1.802070803479004918e-03
4.983165811089958208e-02 2.146587437423176821e-03
5.905962155929101592e-02 2.484378608544443763e-03
6.919600064059461264e-02 3.026664694395283985e-03
7.469873734923626607e-02 3.452899974871232944e-03
8.260429870787570905e-02 3.838371601963215529e-03
8.789876406067788361e-02 4.594267579883772913e-03
