1.250407899390509805e-03 5.444152408656784473e-04
5.342628523933217431e-03 3.896526290714670527e-04
1.702601718797402616e-02 5.565083795644020902e-04
2.800336650411747522e-02 7.968641607910483286e-04
3.857130291816451145e-02 1.000920672872406209e-03
4.915663178164535185e-02 1.275210961855337928e-03
5.775189329883060468e-02 1.493178567632620982e-03
6.825238822467501187e-02 1.724994799656233034e-03
7.565605954671827948e-02 1.943614217655464591e-03
8.236691250564714961e-02 2.076810699973253085e-03
9.329065475316122846e-02 2.295280215778509447e-03
1.058389659411774902e-01 2.631473829824533366e-03
1.169787561207784182e-01 2.893447417102866081e-03
1.275668877588763961e-01 3.192894721246403254e-03
1.379827993305997591e-01 3.504302762665343577e-03
1.496938566870168741e-01 3.852292246167790795e-03
1.591065594593931709e-01 4.072770771097721128e-03
1.683703330408008458e-01 4.606336962529679162e-03
1.781889100911192569e-01 4.810048646589171889e-03
1.876813822607320825e-01 5.368298647869493810e-03
