-1.073850915410874381e-03 9.414272263231475034e-04
8.586875418874953655e-05 6.848208967836349201e-04
6.022270296053694287e-03 6.375771866917816742e-04
4.649342272977655122e-03 6.350302189479159736e-04
7.091908980843928713e-03 6.821762599257576165e-04
6.758702759489513059e-03 7.011817220358850140e-04
7.385162146885019575e-03 8.000629847013142337e-04
9.073525456067760633e-03 8.646882365905815028e-04
1.061701558585060289e-02 9.989052196571247561e-04
1.110990965512822191e-02 1.051590226600242076e-03
1.480462699759272152e-02 9.793101692720585557e-04
1.474787608030585402e-02 1.141842879022847900e-03
1.922205786068358069e-02 1.455640802103494533e-03
2.611933148311856162e-02 1.802320240476951120e-03
2.673053846116874369e-02 2.290371427626872528e-03
3.534196567639172337e-02 2.770158034449553882e-03
3.446043793033622821e-02 2.994335416056044096e-03
4.231406943009186766e-02 4.111088505213254633e-03
5.112698664688240802e-02 4.902689967432501301e-03
5.127655224152920244e-02 5.869821838456962607e-03
