-1.881754887832953120e-04 5.472659444409965586e-04
-3.782611854684994070e-04 3.734322306629100354e-04
2.679045330919820750e-03 3.796119056238226458e-04
6.523049220853695956e-03 4.159964154923791288e-04
9.938445176645443677e-03 5.402154350082458189e-04
1.543896429371065769e-02 6.878399326990635842e-04
1.908421498081442833e-02 9.039754238982904968e-04
2.464370901009139622e-02 1.040848363048104417e-03
2.841456808126539835e-02 1.205249245752779055e-03
3.365484624295989047e-02 1.382140632855505214e-03
3.959414609351499109e-02 1.564045148720923399e-03
4.903884824270820370e-02 1.984656157868499096e-03
5.758760345136644532e-02 2.381930843706402904e-03
6.459942697941724321e-02 2.598545167973141320e-03
7.313752499683291719e-02 3.024741027909810375e-03
8.037454697230572709e-02 3.348135664524940630e-03
9.155645937003924206e-02 3.862911427203490587e-03
9.423519954906373064e-02 4.098190421261843804e-03
1.002623680391488831e-01 4.613332247817610553e-03
1.050562062899631360e-01 4.946892053889222554e-03
