4.359477781386124698e-04 2.923531704833540537e-03
7.395032981385276435e-05 1.732443802847140292e-03
8.683920803031957908e-04 1.357930810907076761e-03
2.893151499282047619e-03 1.230028151369185179e-03
3.668443471893123500e-03 1.118596893658267959e-03
8.294288870035989789e-03 1.162453248991975399e-03
1.110960802720811595e-02 1.191970883797695930e-03
1.748660792887924559e-02 1.262603105177842293e-03
2.130370921463878991e-02 1.414660038319684541e-03
2.785660114949174357e-02 1.617212362389717877e-03
3.796325593054520470e-02 1.702935023285423542e-03
5.072258002601164051e-02 2.247814223133026701e-03
6.027556170725988094e-02 2.808124899479650868e-03
6.783428348198464186e-02 3.100758489255086431e-03
7.818904441617054168e-02 3.797106517751849819e-03
8.466843785044150805e-02 4.299881188497743645e-03
9.524350294655380134e-02 5.021722982262201429e-03
9.207034849885088745e-02 5.649603912529931396e-03
1.052806454303265027e-01 7.212252027832895436e-03
1.073334965623441439e-01 8.720203711585381920e-03
