6.861816890998729407e-03 3.066894171026222828e-03
-7.135648884751125739e-04 1.752568373346770521e-03
2.836060735804601766e-03 1.497742436614653326e-03
1.897221299449044704e-03 1.310794844335548201e-03
1.371913199536556978e-03 1.244571172242421803e-03
4.648572504384289664e-03 1.180743106518925998e-03
5.511114561672358046e-03 1.198059709460259871e-03
9.119634360459831848e-03 1.254088791164511500e-03
1.291994280044349123e-02 1.393293869338376118e-03
1.650483034672356117e-02 1.504997869279773052e-03
2.338554129429488981e-02 1.333344815209201988e-03
3.063808488508742295e-02 1.515130500741101744e-03
3.826513346603333671e-02 2.104224059529856330e-03
4.800384786587838515e-02 2.443250649230303308e-03
5.480919917812845932e-02 3.041247840541818400e-03
6.425047626586632976e-02 3.704651980120633303e-03
7.355076529354830084e-02 4.340953591423510685e-03
7.134555196775604902e-02 5.612371410022267554e-03
9.265312438005772477e-02 6.772051961240524963e-03
9.086567647567357631e-02 8.280667741176256022e-03
