1.844483707738074369e-03 3.414448848743779734e-03
6.071183678615386069e-03 2.061220616115346568e-03
1.489153082940185280e-02 1.706247670743319973e-03
1.855576076795773313e-02 1.505000644599235144e-03
2.442160697128890195e-02 1.659695759000968940e-03
2.923144595548695865e-02 1.796050037086061426e-03
2.726963651590717796e-02 1.699731622167877879e-03
2.680974262590030480e-02 1.655795659749951989e-03
2.444811195148775818e-02 1.679897128858092890e-03
1.834464321111060545e-02 1.653628567056738023e-03
1.512217048672054309e-02 1.323025843609652863e-03
4.134085864076430215e-03 1.340298452777529195e-03
-6.017740543910789393e-03 1.744577348246798996e-03
-1.667150694145421233e-02 2.149735787366558511e-03
-2.812675155388872500e-02 3.047730544745604758e-03
-4.927734674315618207e-02 3.984327620918684705e-03
-5.502024337571922302e-02 4.705853450172526285e-03
-6.144606651149941284e-02 6.114242805710437371e-03
-1.022601902273337360e-01 7.626771846573499741e-03
-8.556390872355880417e-02 9.538538873615720615e-03
