3.557450940961099164e-03 2.940393217692963829e-03
9.343940026355080893e-04 1.656271581237800470e-03
2.528162345311673383e-03 1.334772599444857162e-03
1.050785112140601059e-02 1.161404079937168425e-03
1.846790163267359244e-02 1.105939827369787059e-03
2.985582632877865905e-02 1.367773632499069258e-03
4.129040085575774732e-02 1.448217215456565907e-03
5.442894597484188718e-02 1.754532218281855318e-03
6.512824659173345465e-02 2.002801114822028421e-03
7.405772078604642983e-02 2.189644157684396061e-03
8.891601725014004753e-02 2.355386725189177050e-03
1.067573148955058560e-01 2.826751231250825523e-03
1.228541511337712666e-01 3.296235638917810809e-03
1.311167745998786660e-01 3.565572522676278919e-03
1.419826914337386503e-01 4.202338959753697430e-03
1.594533382650054898e-01 4.706015505574222269e-03
1.641349168136282399e-01 4.977803791363652822e-03
1.771679461472464578e-01 6.310590396977985676e-03
1.877284878428081283e-01 7.288482684884423253e-03
1.902381587388053685e-01 8.779543312236359059e-03
