-5.488851928550247429e-03 4.913519746276520488e-03
-2.219990494805246500e-03 2.835917354757438568e-03
4.422013599370436775e-03 2.401244798384646016e-03
2.897486492033970757e-03 2.009629873908165207e-03
6.863932572636253192e-03 1.898770563466426657e-03
7.440020160950209420e-04 1.820185459082527407e-03
5.963969894490754424e-03 1.988372014055992450e-03
6.922674956355446413e-03 1.980401634774076741e-03
9.822117279899331144e-03 2.099041608040324528e-03
9.295437674957354041e-03 2.074098689463510937e-03
1.421842183198574264e-02 1.606354084727873313e-03
1.597636564245311433e-02 2.048576028479155969e-03
1.813549796594356167e-02 2.595778956982731749e-03
2.913519906098438819e-02 3.200340438407999876e-03
3.059194183429179634e-02 4.058149798424080801e-03
3.632886515837459307e-02 4.790838481112834855e-03
3.227597885507602765e-02 5.829364777525767802e-03
3.867302868737149124e-02 8.142525688611759044e-03
5.151662544971798152e-02 9.657824017536927388e-03
6.852061592286098901e-02 1.301309557362308883e-02
