1.147810893820298784e-03 5.608048785071344765e-04
5.592046783493640448e-03 3.961626411337689922e-04
1.823286776850987015e-02 5.912996074718028863e-04
3.008478847658084890e-02 8.502858186456987511e-04
4.205875782264366369e-02 1.093562700181318487e-03
5.365540895390043946e-02 1.378185649609704440e-03
6.338489075882330903e-02 1.658772618569564908e-03
7.481767708819715701e-02 1.881769864446947334e-03
8.295235411430378070e-02 2.124110876348009585e-03
9.118318206705021411e-02 2.304722234562256705e-03
1.036452939882082785e-01 2.544696747627034437e-03
1.180980275285605369e-01 2.975280105524754585e-03
1.300968864114091794e-01 3.226722805627168719e-03
1.431393626526530072e-01 3.587912113294458409e-03
1.527016171795435584e-01 3.977075333974590225e-03
1.622113178539806855e-01 4.446682520341171604e-03
1.710711594462593355e-01 4.721015690595657330e-03
1.813902750154952059e-01 5.708677195644546246e-03
1.850163269537167254e-01 6.046550661467400313e-03
1.969949795475397780e-01 7.524221440272549528e-03
