2.039913922849776167e-03 6.575644618215015268e-04
6.109196918794650502e-03 5.366605656114969850e-04
1.494947746300042020e-02 6.975507839582760234e-04
1.914604092886830478e-02 8.551783921507745845e-04
2.012420127041876852e-02 8.741840229002421046e-04
2.007096093430634984e-02 9.345449403592840818e-04
1.898192215979121328e-02 8.899511268735455687e-04
1.565073367366440552e-02 8.461160555139273865e-04
1.355231746855749091e-02 9.325909049498065650e-04
7.324830978947102257e-03 8.112951279900266349e-04
3.299751255064047647e-03 7.018837766349443315e-04
-6.783571875133623946e-03 9.643488475938875090e-04
-1.855103452200933256e-02 1.399833559995592716e-03
-2.806279146730255789e-02 1.980465249048763213e-03
-3.964408805297473665e-02 2.692497802979448851e-03
-5.661943091616761237e-02 3.480291258576013406e-03
-6.434017850946527339e-02 4.303814633400690828e-03
-7.962098625388892847e-02 5.553988466849714423e-03
-9.643679261276943970e-02 6.561864286183941714e-03
-1.028912062184060283e-01 8.560980245608074829e-03
