-4.794397549010008834e-04 6.383568141808520493e-04
-4.706429454165869880e-04 4.224565772760186899e-04
1.608717864523529330e-03 4.276157458058471518e-04
3.238323452816424530e-03 4.413246638233741365e-04
5.004063346323738351e-03 4.892607308719675897e-04
6.995614504951306288e-03 5.164718154602296243e-04
1.039825114756793949e-02 6.590182836730324768e-04
1.484889874442962832e-02 7.558058930738838525e-04
1.693656043869714786e-02 8.622726745640193081e-04
2.054019707973228637e-02 1.030305644100428181e-03
2.670835950766644804e-02 1.067072729044830220e-03
3.410371949932447522e-02 1.403067090045268580e-03
4.317614764677822625e-02 1.830884659978677682e-03
5.264440416249116517e-02 2.302939330436156676e-03
5.747392272049009487e-02 2.711423605223066673e-03
6.635441233313468801e-02 3.301032814806449493e-03
7.780880574638575353e-02 3.923954399013165721e-03
8.482811810277522679e-02 4.834398623463328874e-03
8.572748171843118381e-02 5.791799029275759153e-03
8.942872384289415888e-02 7.458524947472821784e-03
