-2.421202610751003602e-04 5.596293033959046093e-04
-4.292509878189663258e-04 3.951702675797285833e-04
2.873010479182894813e-03 3.966845277426888088e-04
6.972012602973472022e-03 4.414488870462401101e-04
1.095880564636878690e-02 5.841441081475160987e-04
1.715988333998865259e-02 7.652624057970368755e-04
2.154504960657635873e-02 1.005732943375708130e-03
2.801877046398313503e-02 1.188441993972008150e-03
3.254842713934641418e-02 1.379255714713212679e-03
3.863813007549203593e-02 1.592571782677847320e-03
4.483065462234246679e-02 1.809521174427804364e-03
5.587446214418460150e-02 2.310330909877417096e-03
6.619672470198274816e-02 2.795432014534274430e-03
7.403868158777361652e-02 3.129488142463382819e-03
8.436783027120134393e-02 3.673437563134616512e-03
8.587847107441144712e-02 3.978839981903719430e-03
1.004637569608165804e-01 4.953420062963153833e-03
1.009615788800432568e-01 5.360654000967014950e-03
1.063755994207837424e-01 6.048914858100954729e-03
1.015954474433201221e-01 7.264275617407365410e-03
