-8.286642246373397691e-04 9.501471086984488237e-04
2.683075019851896537e-04 7.003329134948544287e-04
6.186324872939511464e-03 6.531683319852179398e-04
4.902482201504132497e-03 6.741870774172302070e-04
7.297753992864651311e-03 7.293278059684227439e-04
7.690544158633183525e-03 7.915490751923488820e-04
7.927228516569895939e-03 8.962005165574752795e-04
1.023370218420682244e-02 9.754352245660403249e-04
1.179687820675012072e-02 1.140697207862113351e-03
1.261924189795603224e-02 1.221778978299709875e-03
1.603715541342866369e-02 1.126024045669637985e-03
1.655711156876655057e-02 1.376679400496313424e-03
2.370298052086751081e-02 1.869332656197122055e-03
3.030956373176365778e-02 2.426489291271968773e-03
3.435705805989697909e-02 3.292257552835928334e-03
3.851582736643290039e-02 4.158750745083907886e-03
3.766987224332825346e-02 5.154387531531450656e-03
5.309703794003477195e-02 6.477774749219819377e-03
5.674109749502376232e-02 8.209060521115897624e-03
4.502215508966513069e-02 9.845663060922616935e-03
