-2.186817152090617111e-02 1.694339282605733174e-02
-1.031961993674911267e-02 9.824915602223821195e-03
3.432934163037516112e-04 7.238704641071748956e-03
-5.051921649012469651e-04 6.406409721920404594e-03
8.230929691358726671e-04 5.580906434185687465e-03
1.356047863363593273e-02 5.252825058934913402e-03
-2.073286492886414300e-06 4.923300162645411274e-03
1.252856777606166849e-03 4.628731392009840032e-03
-7.878022637392935240e-04 4.554806691063998346e-03
-1.651065104232210992e-05 4.282384695477900287e-03
7.293280076339644750e-03 3.156535388097118922e-03
4.530070918223535158e-03 3.188598278598882198e-03
1.253412503802996819e-02 3.308626966714710294e-03
1.674789022902896732e-02 3.669011224558261109e-03
1.660338433043259329e-02 3.847495237004691735e-03
3.184575006504036104e-02 4.811267849225878135e-03
3.311747139250771632e-02 5.561560796185893371e-03
3.567412213183030617e-02 6.568027948367325362e-03
4.857513651503616442e-02 7.821671546450364651e-03
5.584566045565679537e-02 9.318206697847754294e-03
