-2.367693187099734892e-02 1.107426693493857375e-02
-1.837460685492973327e-03 6.571667714493707041e-03
5.710041546756204449e-03 5.041957126050979239e-03
-2.347816906968837238e-03 4.096893029547973332e-03
5.778033803856706587e-04 3.644358191063830875e-03
-1.802862857555598709e-03 3.241590407946099133e-03
-6.893592641334807779e-03 3.161018787540135783e-03
3.622321758750012325e-04 3.018614656796923899e-03
2.413657631057946392e-03 3.052478988044707645e-03
-1.300950097500575258e-03 2.604022668144881109e-03
3.716177442002978684e-03 1.999766434001756452e-03
1.119079617720290451e-02 1.954926466986726258e-03
1.765854401653770001e-02 2.148703868467879714e-03
2.654298777350536792e-02 2.408729119807386746e-03
3.960970598297684081e-02 2.831410309397410820e-03
4.908232312904794309e-02 3.281211857980626673e-03
6.251070513895844172e-02 3.957348431648924358e-03
7.071998121518290048e-02 4.699223523416710784e-03
8.779250885656098013e-02 5.679671934235944533e-03
9.230770054201083152e-02 6.846549881416044703e-03
