5.766315588331630965e-03 1.060574769535366398e-02
6.056199944614356311e-03 5.469671664808576847e-03
4.074542333483329175e-04 4.540304017930253851e-03
4.269954600005716402e-03 3.758628120527914441e-03
-3.288284436748104087e-03 3.501733541735114596e-03
5.837882249440259214e-03 3.004369428434860729e-03
3.429055757687168946e-03 2.926207090350923905e-03
1.096811679611995466e-02 2.711786569013502433e-03
1.965294042659868415e-02 2.537671007096918563e-03
2.394724744547729878e-02 2.641690074227987829e-03
3.740927385077109230e-02 2.007504322841531519e-03
5.842675402734197332e-02 2.204178442054116182e-03
7.914660110298915585e-02 2.711410337528239334e-03
1.010824689155077755e-01 3.214956793918339641e-03
1.189486323723042416e-01 3.609103724633860085e-03
1.358582904450802153e-01 4.276055330917404550e-03
1.534018004348113029e-01 4.882087652924013699e-03
1.620735258993118433e-01 5.312245259184142192e-03
1.858871903583610430e-01 6.183725107913485598e-03
1.930044964229521987e-01 7.262311020212324462e-03
