2.091387471001196832e-02 1.195711536558420607e-02
1.031352053667175181e-02 6.764923021765718511e-03
7.517864216601273346e-03 5.175899546562931497e-03
1.077065150358808183e-02 4.319079301061732809e-03
1.437687587509493305e-02 4.039225519062597178e-03
1.814042994658255498e-02 3.779600279571135053e-03
2.393349279146753106e-02 3.453255892035698472e-03
2.310506083043765285e-02 3.592583076195348963e-03
2.448419396285357597e-02 3.238290201221064556e-03
3.642876702268151023e-02 3.436141281732054548e-03
3.578097154907063093e-02 2.525546964434034845e-03
3.435868395474497849e-02 2.470555920058755024e-03
2.589641377961295413e-02 2.408350747773098724e-03
1.711481378848546397e-02 2.513294106107361297e-03
1.658985412771022848e-04 2.723675320482293102e-03
-3.563917340489134930e-03 3.071277229440907541e-03
-2.549778702558932325e-02 3.952621347498621804e-03
-4.429008389630364334e-02 4.578008541174167709e-03
-6.273160099794096445e-02 6.160664280128689933e-03
-6.641991321527748737e-02 7.277691088712457713e-03
