4.490431505341745469e-03 1.049848391540827292e-02
4.994462394773582607e-03 5.584514475536214197e-03
-6.249143048808041348e-03 4.368370138695922694e-03
1.962400622631768187e-03 3.952194046544388155e-03
1.083856048210214912e-03 3.589330951250434276e-03
-3.713774051584180051e-03 3.214440978574500344e-03
-7.148011256402558378e-04 2.810749882599914134e-03
-3.889493359597524010e-03 2.804156385673628373e-03
5.487407026750879642e-04 2.656632715625958582e-03
1.880699445198477475e-03 2.503240356548777374e-03
1.012607715075720255e-02 1.773134948104321176e-03
2.096966506253356011e-02 1.998587129355995553e-03
3.308239632333361685e-02 2.202103183504908277e-03
4.734969264802002531e-02 2.730152341728013521e-03
5.557336509341451181e-02 3.207856540536751025e-03
7.318413551631347547e-02 3.937137809997888482e-03
8.369108834622260296e-02 4.322948606849476988e-03
9.427693035676341926e-02 5.370756955256428614e-03
1.007192588585917037e-01 6.053049646356802732e-03
1.070927092597398073e-01 6.546104103272265377e-03
