-2.097514364910603099e-02 3.527366535871612196e-02
1.569192128628664473e-02 2.032755152013945160e-02
-2.645515260364252053e-02 1.538768207900537664e-02
-4.199202986945111543e-03 1.291685078876150285e-02
-5.540723276248432118e-03 1.161619890325856982e-02
-6.609124314448530657e-03 1.010109616127026141e-02
-3.515303849424813044e-03 9.664107650218930687e-03
-8.213435711943753784e-03 8.885487776204558166e-03
-9.234490652086880733e-03 8.166523945998481124e-03
1.216492057841661806e-03 7.725969422153397374e-03
6.502479490425414933e-03 5.202263309426044188e-03
4.374885583456980878e-03 5.400940835479796365e-03
1.057240493735567711e-03 4.956486111047280277e-03
1.741980398671403099e-02 5.387167892828881137e-03
3.381666155395691292e-02 5.975131168255126690e-03
5.415876550095852920e-02 7.094775320199765353e-03
4.867372897002873039e-02 7.248795896773117288e-03
7.920487960186306520e-02 8.827237762443753896e-03
6.603764687813491741e-02 1.061864542264321504e-02
8.757218710190584066e-02 1.272097671670838030e-02
