-1.837070729614641990e-02 3.987136185383784864e-02
4.773635659992022870e-03 2.228427935523307965e-02
-1.350339968875768036e-02 1.662277454633695820e-02
1.455248474170266725e-02 1.285406534646836053e-02
-1.664126714658193881e-03 1.219127501718764509e-02
1.214950196286062635e-02 1.135956836328761745e-02
2.280643640487012985e-02 1.036078281256094628e-02
2.906249822504971755e-02 9.921437978594974116e-03
3.047681956367313469e-02 9.242474192230679814e-03
2.763493510425130140e-02 8.630356480108330314e-03
3.390730338790937104e-02 6.233003769992570553e-03
4.382838697383822923e-02 5.997997170218365148e-03
4.020531268428308158e-02 5.669118315175830647e-03
3.810016695084463001e-02 6.121709821140686181e-03
1.542775863476034647e-02 6.191492805259187285e-03
-1.159412428763500341e-02 7.292143192195734216e-03
-1.546327161824402954e-02 8.532690405550937343e-03
-3.206536547291279071e-02 8.637539396476275055e-03
-3.948770080685445882e-02 1.122975902445027749e-02
-3.860372265564653016e-02 1.392432461523058010e-02
