-4.134308169670797284e-02 5.215711956418463136e-02
-6.647043383947384351e-03 3.163236148307439766e-02
-2.655209805113692076e-02 2.515583184392558222e-02
-1.258550170535619427e-02 1.894599795342083448e-02
-2.910061132641383538e-02 1.754344306476316936e-02
-8.558911162049192417e-03 1.642009146802654931e-02
3.023913988058185218e-02 1.459249816724930010e-02
-2.279119236065390349e-03 1.402024163504834477e-02
-1.377984099188681033e-02 1.355525165327239358e-02
4.402254530803778945e-03 1.123733226590962857e-02
9.932280699558442352e-03 8.418893169320684419e-03
9.841494917400481213e-03 8.140768107577311258e-03
-8.403539836264401278e-03 8.339833576365286716e-03
1.203929319777224775e-02 8.047551240896511082e-03
1.219889415651766347e-02 8.807118371412589117e-03
3.065411780911059952e-02 1.001513270023751505e-02
3.670637529603196225e-02 1.083654228980454604e-02
4.368189187610247576e-02 1.338211188695145361e-02
4.840599552558275120e-02 1.616565720868864270e-02
5.898587253970668381e-02 1.935285586065750227e-02
