-2.215107109352723071e-03 3.227317802144702430e-02
-3.852914428053749729e-02 1.848751202346454389e-02
-3.537094582932014467e-03 1.337538899044059086e-02
6.549227336909831977e-03 1.124819814498138025e-02
5.917092603354005310e-03 1.064227100992170931e-02
1.106324035606542043e-02 9.452339327978707267e-03
-4.838710679489549777e-04 8.647338101839910710e-03
9.916473294686362419e-03 7.857385639915089384e-03
1.624381480999504551e-02 7.792482083607380448e-03
1.622615383835543032e-02 7.228833195949314547e-03
1.952657942498671473e-02 5.009419135687819685e-03
4.083471688054565035e-02 4.953486956599503603e-03
5.691421881348728701e-02 4.841098471330318800e-03
7.930034465339248773e-02 5.265818745560519806e-03
1.108864492762807324e-01 6.026600516991780995e-03
1.204304513081742578e-01 6.309326472061103398e-03
1.324608287883198565e-01 7.720898674929058299e-03
1.416725997658991598e-01 8.260438346127845291e-03
1.576767027066123816e-01 1.007506283363452694e-02
1.613107118943575835e-01 1.163993005299198899e-02
