3.007801217009227913e-03 3.293754051972657554e-02
-1.276798560655579250e-02 1.911968591261567832e-02
8.139746795784399318e-04 1.504492676562873242e-02
-1.464145494525832293e-02 1.205729666985807733e-02
-1.136005929846748688e-03 1.016200799676801950e-02
1.138714407607039139e-02 8.946441191925743816e-03
-3.571790244176301175e-03 8.585735929597783020e-03
-9.352477860166167126e-03 8.187173882568541533e-03
-2.205634145534901124e-03 7.529981132277960981e-03
3.239383222152919951e-03 7.178129408027526803e-03
6.101790728403383782e-03 4.812848329518300446e-03
1.082024276469335626e-02 4.909139065711652997e-03
2.319945345905824463e-02 5.059013283835900321e-03
3.564799876391407107e-02 5.037739567631391822e-03
5.741195449346227914e-02 5.916864598597759012e-03
6.239660265229964725e-02 5.780541377106851973e-03
7.450124253204797042e-02 7.402964042221152514e-03
8.504321953686523605e-02 8.514679411472381165e-03
8.710477815694538106e-02 1.043776964678551529e-02
1.046709300950677407e-01 1.157169430341977584e-02
