4.164915630092999588e-02 4.708317067865431388e-02
5.022010490984401285e-04 3.106962189229698842e-02
1.512948610918981489e-03 2.258330450306484868e-02
-2.441000679985307759e-02 1.883573202294188884e-02
4.756808822311045168e-03 1.739476697769859817e-02
-1.633867656325643097e-02 1.543627418958612094e-02
1.759539358497653333e-02 1.382363981793225359e-02
-1.569927795682820454e-02 1.255934786989948079e-02
-1.465557257497505754e-02 1.257485114235275953e-02
-1.489646905843374121e-02 1.098409844940714461e-02
3.322369194834451887e-03 7.933660480237924445e-03
-3.779786954490786579e-03 7.092093195116679592e-03
1.220473518316435258e-03 7.628700454787177079e-03
2.052009067023397720e-02 7.406347281483871559e-03
2.323212304127758934e-02 8.231097074607977501e-03
4.463410751918098218e-02 8.963324082257726616e-03
5.347508487317200604e-02 1.028921655182092436e-02
5.838561620065253061e-02 1.194722620390055098e-02
5.850916980260655736e-02 1.225657649336643791e-02
7.016986377155753907e-02 1.522892481737241240e-02
