-4.605021045940519558e-02 5.675960641987590205e-02
1.495619011713098141e-02 3.273895413538361471e-02
1.204758041174847083e-02 2.475393427226802584e-02
-8.927948447809024891e-04 2.106395416522331698e-02
2.062357552124328280e-02 1.988012865517262487e-02
1.258931201424988780e-02 1.637949591495213228e-02
2.432541422343100640e-02 1.510222733485250962e-02
3.518215186710792197e-02 1.446050374799148774e-02
2.573801517227159927e-02 1.322158738611434355e-02
2.449669095742950525e-02 1.251460752877209433e-02
3.542847856788090832e-02 8.232183078540681459e-03
5.076660634868544048e-02 8.269340957578500892e-03
4.733564974588513191e-02 8.371023960847209094e-03
2.857342393513113976e-02 7.507798361459872873e-03
2.012347770813616155e-02 8.797861688091148866e-03
7.090476592656038898e-03 9.397849578832561529e-03
3.582925966589843580e-03 1.139691154340516550e-02
-2.148755104361719723e-02 1.194655001999071937e-02
-4.308938186693993255e-02 1.461103889762393852e-02
-4.070071535015962194e-02 1.671777794844946444e-02
