1.093699642780823940e-02 4.399636914609768995e-02
1.592384163640563535e-05 2.636262529740922289e-02
-7.258074664940248472e-03 2.148142476123041794e-02
8.162907249213542660e-03 1.822004205515391148e-02
-7.111945066367033989e-03 1.660333101736985104e-02
2.890728153672179109e-03 1.444127874287230544e-02
6.123078036645477999e-03 1.321899726360606896e-02
-2.652384741467317918e-03 1.237633413713328835e-02
4.567433286013451721e-03 1.127905522721629923e-02
1.373470540212224462e-03 1.105270882312705052e-02
1.679244584540346211e-02 7.032366887655312065e-03
-1.842569386903195852e-04 6.793065475738959552e-03
2.791491129701230076e-02 7.187542006497200237e-03
4.269620197892445151e-02 7.285858779945964675e-03
5.131486035527511175e-02 7.720402019508313708e-03
6.577209316712102904e-02 7.949190592024861501e-03
8.412350538461130234e-02 9.698835673677845548e-03
7.419970586764938758e-02 1.086763140003842165e-02
8.783838433688433145e-02 1.247763557094554859e-02
9.194157273395489605e-02 1.472163345613472507e-02
