-6.688303011358442442e-03 4.752187243703999420e-02
6.798438295785426931e-03 2.765451642405888574e-02
-8.315550833595631436e-03 2.050578803554724619e-02
1.527248054612731672e-02 1.731339488900934809e-02
1.466248840330264952e-02 1.522724247077804002e-02
3.885444888504029515e-03 1.315150141233539273e-02
-7.565421240217955028e-03 1.289913704243334652e-02
4.171610343261742890e-03 1.191019203396756314e-02
1.949820719384125559e-02 1.180902349989283902e-02
2.454668875821871751e-02 1.100702544023621915e-02
2.622074931997514513e-02 6.911399668019338124e-03
4.936562624456233145e-02 6.491777563046208406e-03
6.133866155746655474e-02 6.571054328320042812e-03
8.519293115280569817e-02 7.400269920154887299e-03
1.103275349996795246e-01 7.590745001658944120e-03
1.273493292273319699e-01 8.221823370968351155e-03
1.310104695371570871e-01 9.450582651077645696e-03
1.439090022277859926e-01 1.116362351591858315e-02
1.469465318716113023e-01 1.221164743145402090e-02
1.897200433524829088e-01 1.396817337643625929e-02
