3.403058828665320862e-02 7.727324974284319192e-02
-3.798758329802882222e-03 4.578364894783890776e-02
4.674277674877878874e-02 3.407925985237716948e-02
-3.375434378214805381e-02 3.010534304419033164e-02
-3.147435627338972947e-02 2.725114645202705160e-02
-2.152190651196307647e-02 2.334225255198472612e-02
-1.693811687549695230e-02 2.223569754557749509e-02
-3.665238833896539844e-02 2.118272457509561349e-02
8.447579355592032581e-04 1.970037638868826768e-02
1.285979979669605504e-04 1.993910078707858760e-02
1.679145506283035577e-02 1.169826408715570788e-02
8.580571632056124831e-03 1.050420254147664545e-02
1.058075628463586021e-02 1.227389767927689924e-02
1.571940205288008957e-02 1.159578123805330568e-02
7.735539214018924588e-03 1.178336494429346910e-02
6.477936576466112803e-03 1.367492972019649679e-02
3.390034622989952090e-02 1.616199297417122288e-02
4.898353375272423982e-02 1.811882978041245984e-02
3.530759049652308634e-02 1.973533357960662385e-02
1.649125843158413818e-02 2.399923037193786232e-02
