7.209762775021043204e-04 4.801016634653720817e-04
5.861383994862796702e-03 3.624227351148777638e-04
2.028575460044928364e-02 5.090184376379781276e-04
3.582287098862010216e-02 7.900445908248480845e-04
5.058391791212869110e-02 1.084708616157389199e-03
6.478412609493294783e-02 1.373514262917253882e-03
7.886260332770719805e-02 1.631147028711261342e-03
9.202330602343435084e-02 1.920721004530915373e-03
1.035923385493325022e-01 2.142560814306936935e-03
1.150311942883356503e-01 2.361564178419412081e-03
1.297701439316990280e-01 2.633264229607135999e-03
1.483246556979393449e-01 3.008567671252107036e-03
1.639304310255545460e-01 3.303134055591564009e-03
1.778600166539441307e-01 3.655149216301468388e-03
1.899966699917664814e-01 3.893152833874805561e-03
2.054240840796484613e-01 4.256994552070267161e-03
2.120174015096540077e-01 4.561877217671822179e-03
2.294172314088897269e-01 5.027469079079279271e-03
2.394066954125140534e-01 5.618493235949975281e-03
2.413145377128441682e-01 6.237561046355593816e-03
