1.515101859254147686e-03 6.122185467970881704e-04
5.773088633743125690e-03 4.506709743943832880e-04
1.420753070668756730e-02 6.094123970491380736e-04
1.823839908630271733e-02 7.221030338340604258e-04
1.980092171621153363e-02 7.539775427550314242e-04
1.946836318888833101e-02 8.012443035302459693e-04
1.884283826176577636e-02 8.085195527806965984e-04
1.589154004542989509e-02 7.788035352699638819e-04
1.272414972034541410e-02 7.599150285821544429e-04
8.848153060784501658e-03 7.479735885447103385e-04
3.947708862367980270e-03 5.984515936320574173e-04
-2.446788151291872781e-03 8.216882182216387817e-04
-1.011267308939219588e-02 1.100923183441122714e-03
-2.132762239919921629e-02 1.499380478861665625e-03
-2.758339701870275024e-02 1.992057285952240821e-03
-3.848369230419453058e-02 2.501218022323531409e-03
-4.458815869176237234e-02 3.152472309214642086e-03
-5.861720005599731914e-02 3.957578430337588271e-03
-6.924972793940879778e-02 4.829477119368182428e-03
-8.775644522610784315e-02 5.718433566308266970e-03
