-4.543556852426327468e-04 7.666994551763843492e-04
-1.049059548850659555e-03 5.201042583256203005e-04
4.900177849998117383e-03 4.957890725368366237e-04
5.336353421348730489e-03 5.174417794398729906e-04
5.337548981459395644e-03 5.077204986491755780e-04
6.821693293272112525e-03 6.683013310099152754e-04
8.732159683535595934e-03 6.776703723212778750e-04
9.623524076413387390e-03 7.326082166092580264e-04
1.092741529324617843e-02 8.704632448064574717e-04
1.258185544350636821e-02 1.031436117128691670e-03
1.621618838522055975e-02 8.946460864491611155e-04
2.054310081494287871e-02 1.281585939763811707e-03
2.303485857669090170e-02 1.459893347559288726e-03
3.125508251591046366e-02 1.864348821053975723e-03
4.154985503296934612e-02 2.447638995887243141e-03
4.095633196525868408e-02 2.824539010884319530e-03
5.096221854699428677e-02 3.593361545737575567e-03
4.830019734185533875e-02 4.316895453055044282e-03
4.995639316808063446e-02 4.831739678375492758e-03
6.577196740180772661e-02 6.559594111382377468e-03
