-3.607936657958588610e-04 5.663416791720850448e-04
-2.178332190227670313e-05 3.645534210294518532e-04
1.765707324621686777e-03 3.539087671431060387e-04
3.943131993337840695e-03 3.728948331927877920e-04
5.521132668279280648e-03 4.247902679119324159e-04
8.207791652484530687e-03 4.878665538247630622e-04
1.113253606910209574e-02 5.657932686757111097e-04
1.496307356420930462e-02 7.249939281883947990e-04
2.038100553949433874e-02 8.823937537475662948e-04
2.239384091230277665e-02 9.986664911311160780e-04
2.904657731535940576e-02 1.084266529963113720e-03
3.667822895873704830e-02 1.433048030601754121e-03
4.496515416036950957e-02 1.763465178469807810e-03
5.308045935172132912e-02 2.174908260099095610e-03
5.927499013028866143e-02 2.367180614943313263e-03
7.006986015304977888e-02 2.943189333823532754e-03
7.502276308917815717e-02 3.291430310137480938e-03
7.963461023456742949e-02 3.727301915972154166e-03
8.884403890693211292e-02 4.645002692526040491e-03
9.977953497942261551e-02 5.428323181240011369e-03
