-2.052737020592049449e-04 5.031526582476090722e-04
-7.357533712417881934e-04 3.502467056714783579e-04
3.167256545265512667e-03 3.537752437103242401e-04
6.698611892729367141e-03 4.111587468656921853e-04
1.151575881296751716e-02 5.162983065078185791e-04
1.759340157901318272e-02 7.175437103738315468e-04
2.323035530784738067e-02 8.909426515155318815e-04
2.955294817678846830e-02 1.116170552966231277e-03
3.526623413422613762e-02 1.312892546456418492e-03
4.071804641156604593e-02 1.523869369258094983e-03
4.910661815267726438e-02 1.789047679559514336e-03
5.960718632434537645e-02 2.145430252097717521e-03
6.862827555088181486e-02 2.533950918580938402e-03
7.534601119309268513e-02 2.817136899938810137e-03
8.477498088562476775e-02 3.309939798923262639e-03
8.993675812117220281e-02 3.438683540132963200e-03
9.415348566259031104e-02 3.715336181168095355e-03
1.057162188867031005e-01 4.565467347589995985e-03
1.101067325685383957e-01 5.055769103411675812e-03
1.203233079860772659e-01 6.220467108123938112e-03
