-1.558766435469249477e-03 4.047550025384704341e-03
-1.893526736163884819e-03 2.350652420602793429e-03
3.566955570340884021e-03 1.776969285100753323e-03
2.819762321402184777e-03 1.597882483129190422e-03
2.517015914655051402e-03 1.577260420039770794e-03
7.429651099935008843e-03 1.487125557358728129e-03
1.003240543544146011e-02 1.613813639992967442e-03
7.082707962248944306e-03 1.681331663276426289e-03
1.032956400317585482e-02 1.765226411951997419e-03
1.031857419498172744e-02 1.951790591790975938e-03
1.625263740661100215e-02 1.513328148012747223e-03
2.022951363524451429e-02 2.018199131219641524e-03
2.736569528483294780e-02 2.569672365720204396e-03
4.201261926384843720e-02 3.387671857078867598e-03
4.639212699133670598e-02 4.658051475876354673e-03
5.387645412258020711e-02 6.069065836002716062e-03
6.286434616949257426e-02 8.529407823509456074e-03
7.203798707496740505e-02 1.156139413970485967e-02
5.767625299724274401e-02 1.718180068239795466e-02
3.090045048491436852e-02 2.444636677851317469e-02
