5.547592430849945626e-03 3.021499002040652776e-03
9.340543814882081713e-03 1.890320514829484403e-03
1.534295788297505674e-02 1.596281710849414880e-03
1.986967574135231618e-02 1.522069055484799940e-03
2.426210771716892645e-02 1.523113025348950137e-03
2.518730357724626237e-02 1.462405583316569264e-03
2.596938656988960481e-02 1.532101678079004093e-03
2.272201663705637753e-02 1.461998583426782523e-03
2.010534701034692381e-02 1.513859110300582464e-03
1.572008691188669927e-02 1.700471166089858070e-03
7.069261442918627417e-03 1.240492582071190883e-03
-3.766279281075786325e-03 1.455838422967943753e-03
-1.772684301447675914e-02 1.935326350002825567e-03
-3.329462968475505047e-02 2.831503031250379859e-03
-4.936102246633451013e-02 3.947582707516117569e-03
-6.664767296395898710e-02 5.150535223415120094e-03
-7.009485257208047937e-02 6.958565075011798745e-03
-1.000646696897022070e-01 1.051138348559487248e-02
-1.216202857120514541e-01 1.429185035871351726e-02
-1.164663021746123739e-01 2.043449054612973825e-02
