-7.934056018557779540e-04 2.546742493606830166e-03
-2.145018442534547473e-03 1.562750386618842963e-03
5.239733552561086621e-04 1.194794914501627961e-03
1.774035949194199564e-03 1.024659595250062812e-03
4.972249629882277179e-03 1.007400938748104083e-03
1.039678172604424633e-02 1.075995076287340323e-03
1.627629224179460293e-02 1.174186808538158974e-03
2.211093023585253628e-02 1.277685479354007851e-03
2.880414843938000624e-02 1.481723570838042311e-03
3.699175374263773824e-02 1.731231544832477921e-03
4.761983233324907500e-02 1.906879157595489822e-03
6.063338845257439103e-02 2.393661895268134419e-03
7.361092180997447221e-02 2.951621208872612107e-03
8.904432949216542492e-02 3.708131205870653351e-03
1.023573349019562539e-01 4.468482538164141038e-03
1.040667453067497528e-01 5.293857057301534948e-03
1.263218854614066022e-01 6.594037728282612677e-03
1.180152802263579881e-01 8.600077361502785414e-03
1.272910608639540031e-01 1.169315747310374111e-02
9.934609765100110845e-02 1.700607945461397180e-02
