-9.623823768591737663e-04 2.818497894275948535e-03
-1.720586538345220259e-03 1.623461783104700532e-03
2.014711930404074289e-03 1.316339360372310472e-03
3.123251250476029740e-03 1.178777678150110279e-03
4.052602209340864722e-03 1.093606137281406300e-03
4.514972696142868953e-03 1.088428768832022794e-03
6.241714460398169011e-03 1.131221204944351817e-03
1.082837861325409469e-02 1.150054168013058074e-03
1.827484664916963555e-02 1.331271863166806884e-03
1.935944975815414096e-02 1.414463457049777283e-03
2.861901543724826996e-02 1.372512828706087037e-03
3.774591601724709006e-02 1.849588553395597459e-03
4.922280645330670557e-02 2.470726302687459644e-03
6.189809952509895546e-02 3.121526429380540573e-03
7.103917535534907957e-02 3.536929687869672968e-03
8.471811339698363807e-02 4.958517610701659341e-03
9.933660908580996263e-02 6.455442492162373827e-03
8.161311245552498039e-02 8.639350752767151198e-03
1.077836320528202524e-01 1.286639250801877542e-02
1.020995037782003456e-01 1.674689965858422447e-02
