3.786457222876403982e-03 2.474533204059052756e-03
1.423333857131126425e-03 1.507357381997396790e-03
6.464094334081001668e-03 1.175021928665434534e-03
1.638712418082016731e-02 1.179255560378389672e-03
2.747175347943148910e-02 1.144843666526981383e-03
4.191876661991857100e-02 1.270041384237580086e-03
5.754429662054853095e-02 1.565960887957711404e-03
7.410788211946119086e-02 1.849157332615003826e-03
9.072742910590078647e-02 2.157136400426389131e-03
1.055005350050172014e-01 2.448087360470699997e-03
1.257805278334891419e-01 2.692626402154893635e-03
1.535091285092299029e-01 3.237496808330965828e-03
1.760627488479170888e-01 3.842585464409134337e-03
1.990610196931734965e-01 4.442700307887160159e-03
2.216886438211849164e-01 4.986197191018823527e-03
2.448426620363960693e-01 5.861720504051459377e-03
2.538604404032674400e-01 7.060142499516675572e-03
2.825065368851755743e-01 8.703948763727299698e-03
2.813589407064714387e-01 1.205491491157403318e-02
2.500130757215869304e-01 1.642592150908534290e-02
