1.351271247124443547e-03 6.278401992759678578e-04
5.572278947981110231e-03 4.601467480132420945e-04
1.418655504992098748e-02 6.234644358028413030e-04
1.823522406584055650e-02 7.287921821469812251e-04
1.939718569572597764e-02 7.483971109328912746e-04
1.854011285107024995e-02 8.023841914427259914e-04
1.697384368224880841e-02 8.120247646068255026e-04
1.328038475830218071e-02 8.052125248636065984e-04
8.776620904202506873e-03 8.036343248228868062e-04
3.528414820467577241e-03 9.103073924872495800e-04
-4.004931207585171911e-03 7.972229565042949226e-04
-1.436506382136082220e-02 1.239676661642926747e-03
-2.791580905190652051e-02 1.865527995100598130e-03
-4.397272096575927103e-02 2.710309406338433109e-03
-5.650078215752155769e-02 3.605014545474876774e-03
-6.766754911751039769e-02 4.594790136626374782e-03
-7.914007038563505847e-02 6.387120965256756940e-03
-9.055772548324159121e-02 8.621862628478010188e-03
-1.005369843684169456e-01 1.229433986487362372e-02
-1.150389527317773469e-01 1.688821180486883497e-02
