6.401323785223305210e-04 4.946027282606570933e-04
6.164555420587073363e-03 3.795435559515376086e-04
2.153564038185419929e-02 5.390077079658061893e-04
3.840194023296843173e-02 8.453623051837043725e-04
5.499925243523035023e-02 1.185114925784140454e-03
7.111747509150606605e-02 1.507312259793316652e-03
8.728661979816200456e-02 1.791727648206514843e-03
1.021481828938146513e-01 2.134207420239549700e-03
1.155853849458963467e-01 2.390796007608201983e-03
1.297612780214914829e-01 2.635025056008881168e-03
1.488667655470163609e-01 3.013158678026434632e-03
1.734460247981272629e-01 3.525393511746909101e-03
1.965390650136448203e-01 3.986328628917987921e-03
2.161929579230423282e-01 4.436421459590968001e-03
2.329743548170075118e-01 4.968708975526812607e-03
2.452605013568061598e-01 5.659691904056183762e-03
2.469389314860932216e-01 6.448925560091228922e-03
2.541103113705729388e-01 7.670333497816346838e-03
2.584170123688148690e-01 1.026793819982060353e-02
2.556115926877421951e-01 1.456555574064697343e-02
