-4.472364426316536050e-04 7.845529242659578153e-04
-1.024952886831123492e-03 5.315360875450045449e-04
5.112521389508141965e-03 5.236089382097997317e-04
5.600197422580384214e-03 5.615339530515455792e-04
5.997573287067604030e-03 5.717384736399407650e-04
6.997007311773174518e-03 7.364424661766887439e-04
8.793626606760907710e-03 7.499079071843044175e-04
1.071704012087574057e-02 8.495475575850586127e-04
1.191424471178753261e-02 1.050076044483477930e-03
1.512014403878832701e-02 1.226494551200802948e-03
1.917327909823326668e-02 1.137756692886116939e-03
2.619901477358642372e-02 1.653606848831566624e-03
3.098450084775500324e-02 2.091064787763880720e-03
3.971153246861466174e-02 2.911875442611618764e-03
5.890939543347829821e-02 4.091291556365870413e-03
5.409991571230374219e-02 5.321933932164989341e-03
6.571457443253624076e-02 7.848352178104679722e-03
5.212492402462305663e-02 1.002497163373873568e-02
6.764578900066804679e-02 1.447103518589766546e-02
9.878862777889609037e-02 2.036241385874165352e-02
