-2.951575183712876194e-04 5.759294796344902002e-04
1.500216395883412386e-04 3.794349073504155049e-04
1.702294690233113967e-03 3.655474486698354715e-04
4.081102363749881425e-03 3.948972613171909327e-04
5.743661697705150330e-03 4.703590775444336570e-04
9.129595012374059140e-03 5.369636569044151974e-04
1.275603929452994757e-02 6.386628741874937881e-04
1.718470068054749403e-02 8.535105438075326744e-04
2.301149686236577535e-02 1.021639039718553500e-03
2.664625936850209542e-02 1.212756816716198307e-03
3.467018560431196772e-02 1.340722823093619441e-03
4.572715731213417706e-02 1.859798689390932758e-03
5.887439465629917129e-02 2.329812287036286782e-03
6.867611675269169602e-02 3.033650417144110635e-03
7.813653852894118790e-02 3.674105031373268125e-03
9.179404370875170194e-02 4.565374316580495841e-03
9.889779776351560747e-02 5.967957485927791357e-03
1.058242001056935722e-01 7.817209492590274436e-03
9.906132634912889756e-02 1.087101241065977462e-02
1.133799963839878938e-01 1.523758860143248524e-02
