-1.971787815380498003e-04 5.137154188529731219e-04
-6.689156814304008910e-04 3.583737096743797469e-04
3.387972467070202772e-03 3.676114453416097277e-04
7.359628105913440348e-03 4.493514686131556729e-04
1.277616816363383832e-02 5.674671147235600720e-04
1.955602271148487378e-02 7.975839704405633408e-04
2.605862081051195725e-02 9.960097768998269797e-04
3.354868620213354719e-02 1.286469170390560105e-03
4.033174739555218241e-02 1.518706056769530358e-03
4.683986332546524051e-02 1.804733144406295720e-03
5.774057624030201619e-02 2.107710838840324511e-03
7.340927195801094651e-02 2.660543438779148888e-03
8.637318459881092314e-02 3.270442329803203551e-03
9.430819674641224837e-02 3.699648894244161185e-03
1.035340610007748768e-01 4.374417378361010293e-03
1.135275434543798201e-01 5.075114794998307130e-03
1.078414711428637568e-01 5.799037685061914256e-03
1.075169617214355444e-01 7.116934380482351462e-03
1.272478350930036084e-01 1.014124023609991668e-02
1.301556965506995289e-01 1.398937068468271080e-02
