-8.997161146395749737e-03 8.935473731402738054e-03
-1.355755136106476244e-02 5.412859381601269580e-03
5.312995020802284418e-03 3.985829526032759647e-03
2.409742774533197001e-03 3.751706869576110388e-03
7.915544696573954819e-03 3.192084982555049456e-03
1.614962893177907021e-03 2.901482335906665263e-03
2.782067533605608965e-03 2.743641299470346746e-03
8.270492271563649554e-05 2.628316852837563489e-03
1.742914261721371276e-03 2.464095168871182143e-03
-5.037156970584065040e-04 2.408053470707737388e-03
4.226922796145744961e-03 1.719914265070597754e-03
1.318570816990012086e-02 1.754193417300852756e-03
2.265946403001767306e-02 1.917105378034853315e-03
3.734395565620089036e-02 2.568020928740203084e-03
4.558090846720908029e-02 2.707172863541104386e-03
6.085686718593343730e-02 3.623419121412944054e-03
7.001039867077751833e-02 4.098201620829406214e-03
7.832541191581296469e-02 4.897595181310132086e-03
9.046980013097075113e-02 5.974766626664589422e-03
1.123399870180427917e-01 7.926521474583192797e-03
