-1.783603213584833284e-04 1.092843871888448531e-02
2.507637633872035216e-03 5.915235072101367869e-03
7.711450034231785711e-03 4.865009978836954199e-03
6.421460282845998721e-03 4.143805135562689083e-03
1.045761649745083517e-02 3.636692911970277470e-03
1.495366974372168943e-02 3.272402348809653680e-03
2.252151383904424028e-02 3.139828199700284411e-03
2.199143175389789082e-02 3.008869624967420216e-03
2.889133589929949661e-02 2.968486354203235100e-03
2.558581803340578484e-02 2.815010669508686506e-03
3.359439985409558294e-02 2.167688009964854976e-03
2.471706223329798655e-02 2.176198585463503914e-03
1.991175566409869591e-02 2.274467610096816018e-03
2.148940737966471034e-04 2.298297999432659389e-03
-7.400032875415437153e-03 2.874023801374326129e-03
-2.432918820849482022e-02 3.389660892739152203e-03
-4.129472369180823416e-02 4.441777081893073971e-03
-5.117691940352681046e-02 5.362711412974577319e-03
-7.457501339417584030e-02 6.941405264625251717e-03
-8.109037214119996229e-02 8.830396273486276065e-03
