1.982221004337652789e-03 9.024808404902695189e-03
4.247070641077738996e-03 5.097704106172711892e-03
2.588707722109533614e-03 3.827282688339196399e-03
-1.544880594248046815e-03 3.390826346803897228e-03
-1.680898788702890004e-03 2.800055569971834565e-03
-9.744993916121108849e-04 2.745914635849177905e-03
-8.716038723997298048e-04 2.610396879262224731e-03
4.115743425987644297e-03 2.441883317238508627e-03
4.353742923288919132e-03 2.417000750022884389e-03
7.261121001579722185e-03 2.366135997599340488e-03
1.265992825261316214e-02 1.638664155934966291e-03
2.418609883448743711e-02 1.899506197486536697e-03
3.935172646584538664e-02 2.263786262426390351e-03
5.349182954651837685e-02 2.653098803088925657e-03
6.722846603349097450e-02 3.411766787622978227e-03
8.088165060907309689e-02 3.674648393972203796e-03
8.763585857428682346e-02 4.416082873700364654e-03
1.078531095443591298e-01 5.583165301805150492e-03
1.056354488366505889e-01 6.247145517766819825e-03
1.271418727891144296e-01 7.842391634518216387e-03
