1.421405266306187062e-02 1.189859109004110134e-02
-6.997651844826203484e-04 7.480698657201158980e-03
-7.377854979880860142e-03 5.488232721700417316e-03
6.503704610304975736e-03 4.782674235513173847e-03
-8.959153746355435002e-03 4.456563757855842509e-03
-3.295129903749437206e-03 4.121270583487752701e-03
4.561480968630172300e-03 3.822048158797027809e-03
2.866471641681904870e-03 3.836460934377813707e-03
1.712024873185958142e-03 3.366514595713581900e-03
1.303634267470771138e-03 3.321166377598417339e-03
4.036910130279019668e-04 2.287204890341049731e-03
6.579410541172023806e-03 2.365771681756285993e-03
1.004528358101051261e-02 2.713912969300053598e-03
2.064782988161471128e-02 2.871798545457844316e-03
3.020692381763278450e-02 3.614815470459687222e-03
3.447223388984450160e-02 4.059415187059709981e-03
4.562652894417023458e-02 4.994722951021542817e-03
4.491285050783185018e-02 6.292393033383383155e-03
5.072741115638174786e-02 7.708458373042198324e-03
7.524017631549083374e-02 1.008217342995689977e-02
