-6.913733694964332641e-03 8.502861372106844048e-03
-3.026228878119488746e-03 4.827548747667282335e-03
4.837414346800627228e-03 3.610941790309922864e-03
4.224057031014305519e-03 3.054438003300024781e-03
6.487965386555856820e-03 2.732268907027722397e-03
5.116506133371489899e-03 2.637609779512004819e-03
8.342523572393638689e-03 2.495654570670772284e-03
1.889223937510638857e-02 2.315533471816562210e-03
2.564291026925576145e-02 2.334913010883855975e-03
3.425530467914394972e-02 2.330922205963839328e-03
5.139324055296973226e-02 1.903472815106304955e-03
7.916304651093468425e-02 2.302281999448436110e-03
1.087853703826715673e-01 2.688323568130986108e-03
1.368105306230320561e-01 3.340356942118208154e-03
1.579668313254108392e-01 3.837173984810966863e-03
1.855083041509354158e-01 4.407046676447719420e-03
2.038714485600841841e-01 5.046000190356792967e-03
2.326643101389329060e-01 5.982258729978563554e-03
2.422517255099875810e-01 6.769373246128346407e-03
2.570408692491692459e-01 7.910039926821564593e-03
