2.339294151845689590e-02 2.571634814544716124e-02
-1.462282456030945810e-02 1.531670900025075902e-02
-1.449267389278481762e-02 1.133087279869931900e-02
1.166058753926653944e-02 9.642545769814771586e-03
4.576870556648288471e-03 8.562247399324084476e-03
-4.410220204095206299e-03 7.809542617426542231e-03
1.119386129422918728e-02 7.107956700525877233e-03
6.078363039904772884e-03 7.019670014057731097e-03
1.177208108387645634e-02 6.567495311990341131e-03
2.208445820517528774e-02 6.301476226609449387e-03
4.004554372254457567e-02 4.215338072539530703e-03
6.422747412001474088e-02 4.206113004967093616e-03
8.905849912596675022e-02 4.497831610612190896e-03
1.132097029400885996e-01 4.908861727720587390e-03
1.370813615995070678e-01 5.320895067740892721e-03
1.716206499412437914e-01 6.439404022482780529e-03
1.807553152979440025e-01 7.142646590937891393e-03
1.904104038545721134e-01 8.416961529154734500e-03
2.252838637672631705e-01 9.786120331744099787e-03
2.281185025265619615e-01 1.200235618548402272e-02
