1.229004416884860347e-02 2.639943680569177206e-02
1.967397642093548712e-02 1.620533259462296136e-02
-9.322469311189966051e-03 1.206505038317493700e-02
-2.615531691767878156e-03 1.061956577804872882e-02
8.071598267139141678e-03 8.437461413582847056e-03
1.000750400243197863e-02 8.282515680940780167e-03
-2.877541613348904171e-03 7.663005845104322103e-03
-1.310425170697713734e-02 7.304449840608568181e-03
4.443836335975722557e-03 6.735673444324662314e-03
1.617346741294091407e-03 6.245806634251327254e-03
1.234803141698304942e-02 4.366759406810172793e-03
1.573994729118099317e-02 4.342607228642146079e-03
2.782500867584438917e-02 4.514270886400496320e-03
3.961319798349931254e-02 4.762357232913218275e-03
6.276346598611158567e-02 5.472843556788281952e-03
6.677401880176112026e-02 6.016579867136615314e-03
8.921855880230367131e-02 7.133658793453899992e-03
1.040372625308486482e-01 8.961428135018033661e-03
1.104517095195395454e-01 1.019361225075147634e-02
1.076997980687912915e-01 1.297620611410292037e-02
