3.085898389350023516e-02 3.505709932950092089e-02
3.778328252693984035e-02 2.081900803786953733e-02
2.391676231186661093e-03 1.493516192405873813e-02
1.802061058173513169e-02 1.223492875419674407e-02
1.511630945586748924e-02 1.031516022714818771e-02
2.081296161319105137e-02 1.007623128546672464e-02
3.299818415157371870e-02 8.972031136472638849e-03
3.470994320963064622e-02 8.945502806421739422e-03
2.757664360658651156e-02 7.962301414122550242e-03
3.393631576771292957e-02 7.861813212427360906e-03
3.967491171053064841e-02 5.323176461609198558e-03
4.825848123359399028e-02 5.245560898543384469e-03
3.669233417442101935e-02 5.477682820759605456e-03
2.042707697273575193e-02 5.474881499824130887e-03
1.268126323583122078e-02 6.219960564361156838e-03
-9.860893689997023842e-03 7.198789923639153585e-03
-9.913808671619306692e-03 7.888449244156029230e-03
-3.924662055695994634e-02 9.746251951944943925e-03
-4.041652638086917076e-02 1.132068701843600041e-02
-1.015806288358909182e-01 1.434642807210698839e-02
