-2.737654343510705426e-02 4.033973218907180996e-02
-1.382240663210569480e-02 2.262354626665483148e-02
6.163775520421336911e-03 1.883198234503280499e-02
1.054083875626169418e-02 1.522452693690012904e-02
-2.753957305823462060e-03 1.332759061691096356e-02
-2.785885963022565002e-03 1.229556228178277887e-02
-2.391519797567726036e-02 1.110099377661596422e-02
6.639907097541409425e-03 1.065710879183849082e-02
3.646245220231715458e-03 1.078946951914172732e-02
-1.022123992689556553e-02 9.643084122920850265e-03
3.741620890336311810e-03 6.164567215368232066e-03
8.339134976159314622e-03 6.632175415641784581e-03
-3.429056949482149359e-03 5.882127103451297891e-03
1.257551636829925580e-02 6.842424537822820729e-03
2.634769975673659573e-02 7.595032172161893073e-03
1.982989688840738549e-02 8.550378706638151610e-03
5.132115218297175763e-02 1.001143493355880452e-02
3.783020571376293634e-02 1.132349020958763226e-02
5.613071110512940498e-02 1.362097577512226022e-02
5.235494770816973703e-02 1.808236810415737514e-02
