-8.143082723715014404e-03 2.870219534561169183e-02
-2.457173495308266620e-02 1.681046963924401685e-02
9.540088048538173868e-03 1.305921369532834359e-02
-3.246225726976055461e-03 1.084526376838470044e-02
-4.539313313755790995e-03 1.007267540196869759e-02
3.628405025649231782e-03 8.310854238501452426e-03
-5.367653167933205544e-03 7.523704678575765005e-03
-1.496070733941751727e-03 7.344398950135992699e-03
-6.999599553390896270e-04 6.910060419578734590e-03
-2.976231426753556293e-03 6.779577804705498589e-03
-6.684633011915768874e-04 4.855294064305910005e-03
5.493582104396303560e-03 4.424877409121533330e-03
1.002892724917047070e-02 4.695569496446198518e-03
2.613430795198163487e-02 4.915914379240984497e-03
3.883034945275160715e-02 5.485245970004575498e-03
4.576199930117138409e-02 6.527228989872109997e-03
4.976651900698255554e-02 6.794700510342884144e-03
6.646536297212080058e-02 8.254272957128803295e-03
8.447489426925676448e-02 1.035285726945654565e-02
8.439077311249530700e-02 1.305841314788526615e-02
