3.383499972699708508e-02 5.917073873640316117e-02
-2.761825176491641918e-03 3.491766056352561820e-02
-8.173696405263160963e-03 2.955863140158697389e-02
-6.926173702555692320e-03 2.237265735678352352e-02
2.377015046749224314e-02 2.007921116808067397e-02
2.554164036880078679e-03 1.827245510068216741e-02
2.295974047893665701e-02 1.715838532947207284e-02
6.790305821396477697e-03 1.545366267727435634e-02
-7.166862659792273306e-03 1.555252142662414024e-02
-8.736532278528559570e-03 1.435226309079555736e-02
7.626259632629467725e-03 9.402737718392178631e-03
-3.001717761348659131e-03 9.232335070308414840e-03
-9.095899150686493836e-03 8.986557942638416160e-03
3.001493870856590876e-03 9.429720335826763042e-03
2.360784096522794417e-02 9.769508397200801428e-03
4.172816104267310089e-02 1.121677723523913962e-02
2.298552978069170680e-02 1.255635625710076718e-02
3.007004901794891119e-02 1.517000510581169130e-02
4.145083626819324324e-02 1.791219599931135817e-02
7.536513471511253892e-02 2.071000387660647604e-02
