-5.879989349569655736e-03 4.915776227968874507e-02
8.287860223780810220e-02 2.830265066996463102e-02
-1.872338911598042666e-02 2.180230096657028577e-02
7.205889543930477960e-03 1.828391423693045623e-02
1.515338842157773827e-02 1.613720869463373259e-02
1.563037290139557972e-02 1.497622773566525609e-02
3.428504034519282845e-02 1.347791463779791400e-02
3.977764562093522721e-02 1.284850909187460269e-02
3.102266863804885311e-02 1.238002154967650890e-02
5.279503483241106132e-02 1.155098233869288754e-02
4.460893670758632468e-02 7.947443851499364290e-03
4.258276914195169988e-02 7.659592254556661130e-03
3.845934507327369162e-02 7.812681224018933751e-03
3.789548220936898165e-02 7.478423054769755239e-03
7.869549543266581015e-03 7.996755697293606024e-03
-1.606868643970110321e-03 8.831136939928787427e-03
-1.265941645215391473e-02 9.994778302907363424e-03
-2.232867865842824012e-02 1.233521480166485315e-02
-2.855313465075196011e-02 1.473538308920039480e-02
-5.560874848419628674e-02 1.772400434088456864e-02
