4.599465896107441526e-02 4.340139080598003768e-02
-9.920040748803756608e-03 2.528739225526857939e-02
6.223181563395984751e-03 1.830168505030860607e-02
-8.258676688914499617e-03 1.591853296489361899e-02
-4.756902660658704203e-04 1.520254439300670890e-02
3.408881235583058160e-03 1.254080800571988515e-02
5.343015266581000768e-03 1.230863242936488383e-02
2.524566103975358494e-03 1.126209186676208930e-02
-9.869353532080011107e-03 1.085309989034140797e-02
4.811944219563654875e-03 1.082399472209613460e-02
3.709736152624977263e-03 6.529056202778483337e-03
1.093096218797304231e-02 6.357626040743245485e-03
2.170163906718566155e-02 6.278195443723990146e-03
2.399661759834868791e-02 6.892024099409910058e-03
3.321492355145205799e-02 7.432973410655285655e-03
4.664196194424709979e-02 7.987844468071599729e-03
4.450339037127531983e-02 9.326930961935169309e-03
6.815218129611053111e-02 1.067484806055738443e-02
6.963482971754153539e-02 1.339064322451114647e-02
8.570576080867003954e-02 1.616136829839958516e-02
