4.881300657521001063e-02 3.700375272235294916e-02
-2.657773781015344838e-02 2.338020280896364531e-02
2.717257004211965504e-02 1.854515045593230563e-02
4.664855687277275759e-03 1.587035111897127163e-02
-8.464805256174803806e-05 1.392565527189898282e-02
4.033742636669643972e-03 1.123147507660087266e-02
-5.232360717199382484e-03 1.098279082920548301e-02
-1.092289162382704265e-02 1.043199481939223808e-02
1.766377705430606515e-02 9.961401449272653738e-03
8.909211046931352681e-04 9.555224980845527377e-03
1.012849800806105843e-02 6.240399227107395162e-03
1.952829430828545779e-02 6.360051992622182612e-03
2.687122463964703931e-02 5.792328422481099817e-03
3.971061872907818979e-02 6.894531370843376590e-03
6.395253210732591842e-02 7.038992321573951487e-03
6.490043961524932792e-02 7.871502566936755194e-03
7.425489905261103973e-02 8.432819821131679397e-03
9.677026431933853645e-02 1.052568078017987983e-02
8.865652980902059832e-02 1.219117098955278117e-02
1.282423830402988352e-01 1.465828444815278110e-02
