-4.720492186051389316e-02 3.865366520341959045e-02
-4.042213306274618743e-03 2.261534919766173407e-02
-2.580328143757335685e-02 1.797034919412011586e-02
1.557623822839278305e-02 1.483117093546186017e-02
1.422725265436016427e-02 1.275442642185264409e-02
2.081285746961741151e-02 1.131262544523579244e-02
1.094724539613157847e-02 1.072696494462928828e-02
9.645654834611140649e-03 1.032191699242352226e-02
3.612821642427164331e-02 9.508794891500471635e-03
2.873729481440865513e-02 9.111952834978854707e-03
3.348826146908717716e-02 6.342035444109436933e-03
6.672024822205005479e-02 5.942404141701476163e-03
9.312940246460947591e-02 6.146588577301195268e-03
1.092808049025983247e-01 6.553002648442008034e-03
1.295670695739304934e-01 7.003720772876110938e-03
1.571871297253799871e-01 7.805187835286509987e-03
1.673840429967295707e-01 8.376706323544268890e-03
1.859382347569345784e-01 1.044472943585778892e-02
2.161686212390905026e-01 1.189446301374116194e-02
2.213893820909416665e-01 1.391993648777915989e-02
