-1.471973428497735351e-04 1.639317709772681762e-03
1.275169148803541579e-03 1.216085228220045939e-03
7.917520541408441456e-03 1.007238748700506467e-03
6.835686295461317410e-03 1.032638814862345353e-03
7.123673720738039200e-03 1.132486244500181642e-03
8.963259227755270703e-03 1.236619839400472523e-03
6.707121399801986572e-03 1.228366051821943488e-03
1.137807824155029693e-02 1.403888618530864385e-03
1.180266527271852349e-02 1.583134269923251866e-03
1.173421892268026838e-02 1.676825531003626980e-03
1.089990779720553978e-02 1.500544071784775096e-03
1.588347382258676471e-02 1.856550352454091951e-03
2.101171196235342500e-02 2.519613364239881720e-03
2.311408371607591439e-02 2.984809887512125150e-03
3.267725766920816233e-02 3.262636750079889875e-03
3.481424388913134660e-02 3.989889400634872435e-03
3.435030087768630586e-02 5.434011104876994118e-03
4.265395665011714049e-02 6.069653177389469807e-03
5.136501645134052690e-02 7.631987675805087905e-03
4.184073674931577946e-02 9.915510823215590089e-03
