2.803262364634582452e-03 1.142232697874438546e-03
5.569098864120611628e-03 7.966681282198817028e-04
1.190290133082619502e-02 8.910297644766044124e-04
1.662592961396200039e-02 1.102675775301706091e-03
1.761644637232845714e-02 1.183086695874412423e-03
1.756372197970380855e-02 1.209611105752992277e-03
1.814193843128783165e-02 1.238159585958844341e-03
1.541696036256066764e-02 1.133145692400919268e-03
1.564477022824265970e-02 1.321371881454376724e-03
1.313298912453372824e-02 1.262027409823627275e-03
7.638412013856690774e-03 8.880280018856278462e-04
3.527331079536046889e-03 1.148792157976456611e-03
-2.357491896434600349e-03 1.300591934939067168e-03
-8.780922188916179608e-03 1.709809548078879658e-03
-1.404564164968093165e-02 2.228470063746418924e-03
-2.040631729447871592e-02 3.034761008247511584e-03
-3.369918483757369798e-02 3.759152465429503077e-03
-4.193383481189726786e-02 4.405923926457302325e-03
-5.674565254190219038e-02 5.507631818841078088e-03
-6.029226958404756975e-02 6.731750484080244526e-03
