-4.274164737568541292e-04 8.161795848599785828e-04
7.992563385862529266e-04 5.626698827980474620e-04
7.553611823464089457e-03 6.132159644033314616e-04
1.245057940588212460e-02 8.210177953999734822e-04
1.849271453500313245e-02 1.201044043962808073e-03
2.142628766198610701e-02 1.297798781077931030e-03
2.574926141607495472e-02 1.585794737538939823e-03
2.996662586942464360e-02 1.792471093761155215e-03
3.168003635981309074e-02 1.917021399580754642e-03
3.577349337031800192e-02 2.016601731006876803e-03
3.957826435287032513e-02 2.302194853960804009e-03
4.396956464395112424e-02 2.649812847969362350e-03
4.893510069229362741e-02 2.960749212406002442e-03
5.245949196718870111e-02 3.083650756753128757e-03
5.860036323344167131e-02 3.600355575859223983e-03
5.714499952843851704e-02 3.857306892145315972e-03
6.113636596029051878e-02 4.035494573162445170e-03
6.657163350233968879e-02 4.523809347439987534e-03
6.468153185724087595e-02 4.820607933491931514e-03
6.306460073675487776e-02 5.569456989129467107e-03
