1.079652237774131720e-03 8.479342854460039137e-04
-6.230061659311579786e-04 5.421845985087625410e-04
3.512532876209790121e-03 4.715396093864312761e-04
5.614365799311139479e-03 5.687038821165198502e-04
9.124798347030282919e-03 7.941818248427287650e-04
1.199553029443799559e-02 7.951850666454080615e-04
1.530717205456162168e-02 1.041755107547335081e-03
1.883974104064356156e-02 1.160035211663292378e-03
2.444396403102527468e-02 1.463658747974976937e-03
2.833052310133766377e-02 1.575175861427300207e-03
3.124115176388997384e-02 1.750780601071662453e-03
3.899691551554584912e-02 2.234391204165901701e-03
4.584544277430151193e-02 2.567834350869344605e-03
4.906769602657374413e-02 2.965203415979565486e-03
5.484678721838218141e-02 3.272820281878445134e-03
5.910180884267467877e-02 3.730188328000341030e-03
7.002259033296738544e-02 4.491997414068805462e-03
7.464280210526293147e-02 4.875885788342284623e-03
8.203953571977996850e-02 5.561735826725751168e-03
9.402545588571141477e-02 6.658452305758838854e-03
