-1.197793898319134956e-03 9.462521829875284157e-04
-1.345350668209628836e-03 5.816290101305534709e-04
2.004054170050573354e-03 5.828078391834692071e-04
3.301363950135432004e-03 6.272200090346877676e-04
4.621629390000030028e-03 5.854348836678270824e-04
4.988521083565941594e-03 6.787311890385128339e-04
8.447573399847444972e-03 8.732901470099936787e-04
1.048092499763007140e-02 8.797797812739965818e-04
1.290274903161385892e-02 1.075900469613879978e-03
1.507717088907316663e-02 1.329401461242188777e-03
1.943223885173523888e-02 1.234467063669288968e-03
2.564671746443997549e-02 1.635396083900583861e-03
2.824618099210868954e-02 1.936582304437834377e-03
3.690699324833460193e-02 2.410336154049495284e-03
4.206528068331855802e-02 2.777968698577084651e-03
4.689265382934108134e-02 3.399766139258177718e-03
6.096422267272900292e-02 3.849743151096399370e-03
6.357728208931197333e-02 4.042777110637575493e-03
6.779371138681557218e-02 5.537409929040509535e-03
7.823391314227937099e-02 6.388435595898954780e-03
