1.668629904298651184e-03 4.693851496819461191e-03
-3.153565320646970231e-04 2.569917685290664180e-03
2.619850253343568736e-03 2.163610342418937661e-03
-1.188554118713132997e-04 2.065016157866472746e-03
2.334475872095355484e-03 1.769139225463818490e-03
1.252170392528339192e-03 1.874173427017690767e-03
5.784787786408456152e-03 1.648159712457599813e-03
6.829508049984169341e-03 1.762817341931378684e-03
8.493568792009697360e-03 1.779050141275255069e-03
1.114473154854453939e-02 2.126674901428706257e-03
1.840622412562212956e-02 1.836731355153801417e-03
2.801243408149166683e-02 2.534426515306754512e-03
2.871967798033291108e-02 2.720301945080970136e-03
4.241382629830472289e-02 3.739549573093564790e-03
4.469907787343756211e-02 4.469039902924457595e-03
4.366101564698285364e-02 4.953139393761218576e-03
6.794825231460338566e-02 6.231157849167445750e-03
6.411761548877485672e-02 7.491899667699050344e-03
6.611215026228899061e-02 1.070188881022474808e-02
7.940792971115068211e-02 1.172470988110344177e-02
