3.855672783751302557e-04 4.581608516350564771e-03
-3.276644730388569935e-03 2.549324301463753214e-03
2.343009419785869758e-03 1.916583389802484043e-03
4.189629235670947003e-04 1.869042139819246471e-03
2.170248761586802359e-03 1.757916047613473269e-03
3.769852765893793450e-03 1.516638028828512334e-03
8.016536657827380563e-03 1.666132612207252414e-03
1.227595520951327984e-02 1.688285546338359408e-03
2.096517175996492899e-02 2.024020013061618266e-03
2.369658912221192515e-02 2.055251145730991637e-03
2.933600027163212748e-02 2.019727988625686331e-03
3.686833327590544052e-02 2.506014103961038981e-03
4.723903021618362785e-02 2.947862943515515595e-03
4.966917617709935145e-02 3.655200696266493188e-03
5.702601970320995972e-02 4.404862219753924966e-03
6.513963636561027892e-02 5.276854646789470166e-03
6.923673877324464099e-02 6.356026324969733278e-03
7.205871025562916865e-02 7.183596521569315073e-03
8.076322152092303697e-02 9.560774773909482688e-03
1.102352021670105348e-01 1.186086190061466303e-02
