-7.911910559918797605e-04 8.422211141284512495e-03
-4.756439972449038288e-03 4.880711550934956761e-03
1.769608701987330016e-03 3.698424936505332553e-03
5.654507153857825374e-03 3.455613724779845689e-03
5.017641896000322316e-03 3.211214754980835223e-03
3.288193419295184095e-03 3.026992753790358308e-03
2.669928049182017631e-03 3.015221409571200960e-03
7.331199306428523230e-03 3.038774813150686704e-03
1.330713194816858860e-02 3.127313040282064631e-03
9.435262429429300962e-03 3.612295916851675486e-03
1.001415135768980030e-02 2.891003076428400997e-03
1.716608978929726192e-02 3.287228122825103065e-03
2.037322124104563176e-02 4.546725473560819623e-03
2.077820213113969194e-02 5.435807562785115350e-03
3.232878008114151852e-02 6.107608026242903297e-03
4.837091683542318887e-02 8.332698996294468294e-03
3.336712846757018680e-02 9.906586539600560626e-03
3.587520733750156759e-02 1.173581299922760168e-02
2.878126502209616897e-02 1.567288705059746365e-02
4.014726978882954961e-02 2.212714420003881674e-02
