1.542139649964482939e-03 5.027581358674875107e-03
2.464371736612943307e-03 3.014642658542446806e-03
1.094971495676418105e-02 2.598649403009399908e-03
1.589945374685081125e-02 2.313083782907283340e-03
1.649850262193967160e-02 2.297313456290881427e-03
2.152987907674615287e-02 2.305877947467323795e-03
2.572909172399957811e-02 2.403643877229174729e-03
2.079720632987999696e-02 2.259429194505077274e-03
2.341722551045203812e-02 2.592032845008609282e-03
2.113813917417385960e-02 2.497844696398705128e-03
1.320789072951296036e-02 1.802568368577066489e-03
6.262083490770344388e-03 2.001993026981350836e-03
-4.370262804579962091e-04 2.570780373754861202e-03
-1.062766554693645067e-02 2.864730160925019632e-03
-1.980833887282295799e-02 4.170406914807044986e-03
-2.345675667074035783e-02 5.076712972709541971e-03
-4.241997923913394530e-02 7.074541839916756968e-03
-4.813237146869808747e-02 7.939743236861513884e-03
-6.188641601171165213e-02 1.065617239844154733e-02
-7.022727531716840832e-02 1.360912569342669597e-02
