-1.827215224843170213e-03 4.242341824258712667e-03
-7.877159180186831553e-05 2.406528914041232686e-03
2.122331480805508125e-03 1.743392400679276292e-03
4.142746427105649561e-03 1.682586852830492228e-03
1.037950997826887420e-02 1.653159871799226308e-03
1.342500501349765119e-02 1.755779290163378631e-03
1.980136584780650688e-02 1.710326977527812679e-03
2.315830224755995037e-02 1.999884765821815201e-03
2.970868565760834829e-02 2.365506196903738832e-03
3.283025918213648697e-02 2.446866845075368856e-03
3.803700597284260382e-02 2.580657662269182726e-03
4.213714995750706543e-02 2.983180082696532121e-03
4.841162022681400057e-02 3.572836703598335217e-03
5.396263576733845158e-02 3.771372506040090306e-03
6.217681784431822872e-02 4.521584348373318407e-03
5.848695340442624374e-02 5.088532471220373263e-03
6.429503504982574114e-02 5.867373702790624687e-03
6.158146669667723810e-02 7.324113711221838519e-03
6.850051976629215056e-02 8.425249253975090197e-03
6.894211614351461459e-02 1.132789196222058932e-02
