1.167401590258007387e-03 8.559667728923254408e-04
-4.758044275892769469e-04 5.637805334183468731e-04
3.518210222900098900e-03 5.001671139352131899e-04
6.222179525175200628e-03 6.043201226623600743e-04
1.003988366326667367e-02 8.465793361753886064e-04
1.352065106736184685e-02 8.999462506950129184e-04
1.748912640110237074e-02 1.152056719913382423e-03
2.139637221423629221e-02 1.344393774665858087e-03
2.683496612570874379e-02 1.622983554576447850e-03
3.226893092981762690e-02 1.817496200699221607e-03
3.604793141488805974e-02 2.078551638461505549e-03
4.640484796628688291e-02 2.755372303310782596e-03
5.387371323958230901e-02 3.261346501824330391e-03
5.935777173625640668e-02 3.721296582149881925e-03
6.533366613156436908e-02 4.236633162591810740e-03
7.018943305627357854e-02 4.905142816247771986e-03
7.793296837927361775e-02 5.866171328470474663e-03
7.630412661408390862e-02 6.691687953985738478e-03
9.440497371920011926e-02 8.248785879894431419e-03
8.954822344991161809e-02 9.700646275331174795e-03
