-1.216724716287990917e-03 9.671074496015285692e-04
-1.417467720878769601e-03 6.080808326738978151e-04
2.014760623936483197e-03 5.970710127662057524e-04
3.601944492712530650e-03 6.404047325892035097e-04
5.113966315673945488e-03 6.318253478090304128e-04
5.775788883594253770e-03 7.302472294952193268e-04
9.240011117463697854e-03 9.772204773566529022e-04
1.210368295224743297e-02 9.987229523996566001e-04
1.512013808647348460e-02 1.232586180965183301e-03
1.783658394034490571e-02 1.583574338628879630e-03
2.223404984382554642e-02 1.449008497601346956e-03
2.979612220442301104e-02 1.958263641773326340e-03
3.498633586292385772e-02 2.548013275504894520e-03
4.698138204007375890e-02 3.124259736086009310e-03
5.081263759030416743e-02 3.599997300953431192e-03
6.067670496127251789e-02 4.914641008485351285e-03
6.734425963779204494e-02 5.494685701124416358e-03
7.752802099739321273e-02 6.618044078585713468e-03
7.773133721354089087e-02 8.914650121789954515e-03
8.325270822930531944e-02 9.662160438017411770e-03
