1.265902700794129280e-04 1.625099069432467446e-03
1.616842929229225312e-03 1.279754896845115668e-03
8.439079654968642194e-03 1.076213081956240965e-03
7.021425909457029192e-03 1.063061708302879150e-03
7.003288751936392366e-03 1.251401818910394433e-03
9.801152145796394530e-03 1.349691792256789554e-03
7.820682344397868538e-03 1.414462906738111906e-03
1.213916433796759058e-02 1.617124111727173469e-03
1.211077006885834771e-02 1.884059863538981635e-03
1.292671968301853901e-02 1.996962277559881892e-03
1.347984754741251949e-02 1.920671050333194090e-03
1.863825545357581520e-02 2.357728763545092945e-03
2.399932753342729624e-02 3.247976411185220930e-03
2.924956547779370905e-02 3.777517997788350408e-03
3.143687099227117365e-02 4.437699996444634080e-03
3.692480071135673808e-02 6.596837142869641825e-03
5.053848644163536075e-02 8.672626648182866008e-03
4.216255675521158458e-02 1.027022606432256326e-02
7.726715491776225964e-02 1.340852334381287259e-02
4.174809772344609954e-02 1.697747208341655184e-02
