-4.483831531444673829e-04 8.266719439418345958e-04
8.836823636595872531e-04 5.701018040316027397e-04
7.982359061791817825e-03 6.443867947630625920e-04
1.335015891191736886e-02 8.860539045753009846e-04
1.977369693050252605e-02 1.288806819332326574e-03
2.329447718727234093e-02 1.453439877775158061e-03
2.810963454307998516e-02 1.765521810416251615e-03
3.303522870587113913e-02 1.959222295723156513e-03
3.427268425239918953e-02 2.101868147565650029e-03
3.909428521319849997e-02 2.206375894173144819e-03
4.414130447910197957e-02 2.563310796993158169e-03
4.938290313769543721e-02 2.949016533747220517e-03
5.368691629720313135e-02 3.207984154215286470e-03
5.809617779313902552e-02 3.530235284089760887e-03
6.226886842679466710e-02 4.137769964255614066e-03
5.809115162341670774e-02 4.717513631815913391e-03
5.942443498414481939e-02 5.057963745419630057e-03
7.073684518710517122e-02 6.760203635872211007e-03
5.220620384300640043e-02 7.482352423120818170e-03
5.625440988497877604e-02 9.595106879414694659e-03
