2.789678775257196843e-03 1.167806069220076034e-03
5.734334486701140980e-03 8.042458613592788066e-04
1.199262218081617419e-02 8.875254382490887226e-04
1.688676649646220912e-02 1.114886972899004243e-03
1.801529624504938365e-02 1.209395143089013773e-03
1.698867547427387881e-02 1.243711471641564771e-03
1.659106870190700175e-02 1.230873456488778151e-03
1.385857979025575427e-02 1.178940291513170223e-03
1.336160009972705426e-02 1.271460169427114130e-03
9.976791277802245228e-03 1.387466005016155853e-03
2.912962105474677880e-03 1.098973080843843389e-03
-3.639885112317625942e-03 1.469205807221467090e-03
-1.393049450954085208e-02 1.998631415101030217e-03
-2.297081828897759928e-02 2.796125951432680903e-03
-3.016701541373979084e-02 3.719105715253097962e-03
-3.930140449113242451e-02 4.688281096552467282e-03
-6.171809019424295134e-02 6.032915578729447850e-03
-6.337003247386961691e-02 7.402751820283106146e-03
-8.130057989754269077e-02 9.072103403666246027e-03
-8.129859761377319916e-02 1.205249447997659012e-02
