-1.282740978492491295e-02 1.495238457839150915e-02
2.709731440681013436e-04 8.495507391936397631e-03
1.187897477271670360e-02 6.649300357406723490e-03
-1.093230684459472763e-03 5.906445903532089176e-03
8.879144202537101946e-03 4.979873173936317718e-03
6.575082029332975607e-03 4.530394150828600565e-03
-2.309118825223243965e-05 4.048748041682130420e-03
-1.035519209299161922e-03 4.468092114538504446e-03
9.052261196830346107e-03 3.833544424787063091e-03
2.804079155477548491e-03 3.724841283080111438e-03
4.614634018785063185e-03 2.567408573187835059e-03
1.237139121082271760e-02 2.792440396924267525e-03
2.423659415262061426e-02 2.959321134477838587e-03
3.206464143301147873e-02 3.516603684260778771e-03
4.054453815755432872e-02 3.651637009444374214e-03
4.604895563784559831e-02 4.544748052489114114e-03
6.591024123493115228e-02 5.521620583597224019e-03
7.819835799853992742e-02 6.626487521415445024e-03
8.143002389823406073e-02 7.691861909499741502e-03
9.922330514882517216e-02 1.037068841429077994e-02
