1.728498681463292580e-02 1.582163129649324929e-02
-8.189714963383543794e-03 8.439310353075678284e-03
7.341625983457856879e-03 6.481667901467993986e-03
5.711103027360623675e-03 5.564673003227450440e-03
8.795702377302306446e-03 5.021262616121418935e-03
-2.173543701799336150e-04 4.684617628961537661e-03
-7.576630703373108885e-03 4.353883806162839841e-03
1.703848642102236610e-03 3.929931703900183156e-03
3.565511689256945730e-03 3.952514187886490074e-03
1.023509069098793231e-02 3.530100838755427517e-03
1.243943156512865647e-02 2.465367784630773541e-03
2.436968162171888538e-02 3.252943394852524268e-03
3.767703270583645098e-02 3.512646667655589579e-03
4.040431540420704598e-02 3.758509557983619534e-03
5.508240875438800283e-02 4.292967163690995618e-03
5.787670759539513543e-02 4.905089859628558070e-03
6.724630442972587274e-02 5.731142219666639746e-03
6.468827238180004102e-02 5.692020652246269907e-03
7.214455287716989296e-02 7.141953996545415129e-03
6.918853923799572758e-02 8.488671893194160711e-03
