-1.327434739652772443e-02 1.780731099228777606e-02
-2.569812676893850310e-03 1.072609578777806300e-02
-1.403636761758390947e-03 7.515868222892073923e-03
7.114526588185284689e-03 5.614638165826227670e-03
-4.668536489585583052e-03 5.361627433851537047e-03
2.892288246542167561e-04 5.204526193797440886e-03
3.287089674735510503e-03 4.903397446041465359e-03
-4.977428006468519184e-03 4.446729843733093768e-03
-1.707559543657767229e-03 4.549318865834255966e-03
-2.358787039081172970e-03 4.425756282917245495e-03
3.408046653366489029e-03 2.991884062647800786e-03
5.770452100640192927e-03 3.035319246942293301e-03
1.331676187434066919e-02 3.031347289691197888e-03
1.433733472318900887e-02 3.335455028650542633e-03
2.813198603363860698e-02 4.414662989849527618e-03
3.477026992438037034e-02 5.050382751528296153e-03
5.013990385773215569e-02 5.376385509701713146e-03
5.774472258851501977e-02 5.885115771918933078e-03
6.700613687246874395e-02 7.683273271572462447e-03
8.000570408290501312e-02 1.009459286275124316e-02
