1.998203891350306197e-02 1.909844118660069395e-02
4.736780488026681897e-03 1.037526810639009811e-02
6.915504879108806853e-03 8.241890021750179762e-03
8.859617605736972920e-03 7.249760314493204107e-03
6.999698184608653395e-03 6.170602239456347837e-03
1.286598666781280445e-02 6.031451583094041106e-03
1.981161076717649627e-02 4.635750378904824297e-03
2.240135638276858840e-02 4.899882914917855388e-03
1.842714568774317385e-02 4.973803356744882498e-03
2.077813751018579499e-02 4.751967850693671058e-03
2.655865067961491952e-02 3.286148880060166689e-03
2.672567752580998213e-02 3.557442692889458986e-03
2.742975744803834506e-02 3.833352293653482547e-03
1.747191373370790904e-02 3.748220777017434360e-03
5.991979250078861841e-03 3.763959233248386198e-03
-1.091578065965092496e-03 4.966582474802550343e-03
-1.299145969356397222e-02 5.803278864073016519e-03
-3.146087172937152288e-02 7.181682011176944783e-03
-4.445036522252420602e-02 8.545401043987739878e-03
-5.192376224342715174e-02 1.017408522787300804e-02
