-7.207719994812929187e-02 3.015938847471207399e-02
-9.051013219874837201e-03 1.629926472075942517e-02
-1.188407118572690387e-02 1.282196092595814553e-02
7.062511074326671169e-03 1.125050946615556088e-02
1.693677212623132325e-02 1.043688361054435562e-02
8.546907748452625686e-03 8.779314952497525165e-03
5.610579603713029308e-03 7.791806680637343441e-03
1.835655754061751160e-02 7.886878239907784555e-03
2.073966041931877679e-03 7.785993514475259870e-03
5.439890341670414360e-03 7.526719349367137074e-03
-6.921239366896949491e-03 4.765497095628549833e-03
-4.085114495311615006e-04 5.314642957968246026e-03
1.250110121755562166e-02 5.636983878859257863e-03
1.525300928010957062e-02 6.106166630518766215e-03
2.392262780167427050e-02 7.233609828315844086e-03
2.497079794098517116e-02 7.431717051520546520e-03
2.066977777081632772e-02 9.171466409040734957e-03
5.344169022785869722e-02 1.140191618835686635e-02
4.061114721949865558e-02 1.296906070323946072e-02
3.514170211523953008e-02 1.735495835637306319e-02
