-5.791904705947301113e-02 4.993278970192865235e-02
8.991091668333828918e-03 3.345955959646091521e-02
-1.112512693847709892e-02 2.125800979263769291e-02
1.401834162880635261e-02 2.012773450221020180e-02
-4.921310190968850896e-03 1.806565922031188459e-02
-7.412996119572095102e-03 1.624853175789002860e-02
-8.165830174111871412e-04 1.275322497837757391e-02
1.510090682663353103e-03 1.349762017544729742e-02
2.552406175929081318e-03 1.251494007467727522e-02
-7.198548160447992492e-03 1.232858216416319111e-02
-5.152755018711851695e-03 8.648004021973521027e-03
1.159340242766289299e-03 7.587481226126223735e-03
2.940317694077061467e-03 7.221194439184527511e-03
4.852935979689496256e-03 8.728539204380504277e-03
2.162965345019485230e-02 1.015594761804419245e-02
3.017675166475462106e-02 9.946779270691390520e-03
6.265658253869610395e-02 1.117649270403430276e-02
4.750209547464621235e-02 1.283112401501354527e-02
3.101128010639486038e-02 1.580074804935072824e-02
6.828571500503012592e-02 1.936260388554905676e-02
