-2.634429990675535641e-02 4.385728247675788061e-02
-1.276124125932101908e-02 2.830554136623903219e-02
6.490266508610225728e-03 1.897044343013374115e-02
1.353693051781387335e-03 1.707591115299351980e-02
-3.833717803515265875e-04 1.538788290273303966e-02
9.330016081407177878e-03 1.388128392895609034e-02
-2.549085526012389441e-02 1.270587431441903663e-02
2.831036511886834885e-03 1.164053269910019991e-02
-1.292175375941729924e-02 1.183163861545512285e-02
-5.710541296338228663e-03 1.000155089174635525e-02
2.600736064389824395e-03 7.835669648004094795e-03
1.245873360354294787e-03 7.184052835817004816e-03
1.345115834656071020e-02 7.516432881760376494e-03
2.535423880351622347e-02 7.992209214815968951e-03
4.116978814423391531e-02 8.600077852511911133e-03
4.877305231379402972e-02 9.122341857108759791e-03
5.624021691132726625e-02 9.463620786493249712e-03
5.762175232366940902e-02 1.168781188284558070e-02
6.166142006661472219e-02 1.202666823605428280e-02
8.779495581783747227e-02 1.648706310438171133e-02
