-1.145116965768084964e-02 5.301339382414429341e-02
-2.413250881740848508e-02 3.400014965552503043e-02
2.335615879100255005e-02 2.550644324804468913e-02
-2.942382570110424825e-02 2.152524502871290893e-02
-1.502260903479413906e-02 1.882895685178778700e-02
3.174663934751069394e-02 1.707806132355891085e-02
-1.536819026025486703e-03 1.622885304175003540e-02
5.255056489919360425e-03 1.586245457673096659e-02
2.354939315471121092e-02 1.354711662887532822e-02
-6.799710937770529241e-03 1.404459273238769373e-02
2.096403831506261570e-02 9.706501099982159028e-03
3.340509060536885760e-02 9.130904210974271490e-03
2.492169222674510409e-02 9.136421172260263818e-03
2.307326183015188242e-02 9.545216770513948248e-03
2.720588800805442617e-02 1.005008313988839559e-02
-8.517396414079695874e-03 9.655557091201522404e-03
-9.962455482989601707e-03 1.240604965446715294e-02
-5.061085249133810693e-03 1.394327984302360691e-02
-2.544607127552265050e-02 1.635389488634834618e-02
-5.534388400112565110e-02 2.034995315911248062e-02
