1.316529956764786978e-02 4.510660731041330612e-02
1.948350917585924685e-02 2.783212164597006349e-02
-5.374954958983878262e-02 2.099791657185797605e-02
2.070152201847572440e-02 1.749343566601756911e-02
9.535214760936872730e-03 1.496242265017164869e-02
2.168959661789627528e-04 1.235324095300586490e-02
-4.841625390447526316e-03 1.246239664557977078e-02
1.774265360889248216e-02 1.204356979072479690e-02
5.379962605083904274e-03 1.124761770490960607e-02
1.322002135478036328e-02 9.856312931156428758e-03
1.768104302121668511e-02 7.128718197994705734e-03
2.201386105836194637e-02 6.928773148727146100e-03
3.858343195642635615e-02 7.210159977341706536e-03
4.969410578453285071e-02 7.209362886434746327e-03
3.575244563104668788e-02 7.721908800045720195e-03
5.868259696439196565e-02 8.874758038108335884e-03
5.090471959108287120e-02 1.022192362617476216e-02
7.953329505205695982e-02 1.246903774487233968e-02
5.746937434992113042e-02 1.260135358180270587e-02
4.611313856460225874e-02 1.508779830446281903e-02
