-8.083523854411690801e-02 9.607972002200057537e-02
2.174398013548020994e-02 5.745440181150139602e-02
1.074743469877573014e-03 4.014910183978025182e-02
-5.469956801871398572e-02 3.665499735828055966e-02
4.657141100063777461e-02 3.114914856683577080e-02
6.727330696968011892e-02 2.902231799246015459e-02
9.435693276726758033e-03 2.347470957425391164e-02
-9.509008014056744701e-03 2.230818933659012987e-02
7.869877755469422212e-03 2.213322670577039589e-02
1.190567971519284826e-02 2.183754960793320848e-02
2.436326050408305511e-03 1.358720907514312203e-02
2.294127881563404192e-02 1.410443789135099740e-02
8.673820862732359999e-03 1.312014824367988518e-02
2.162032954136049526e-02 1.407352892993821852e-02
8.147771493431359147e-02 1.582033412510147966e-02
5.190670648526508890e-02 1.780347556141756438e-02
1.354013667378433511e-02 1.884639744208284340e-02
4.952662420679377481e-02 2.397407216874858360e-02
5.361794435603879638e-02 2.586061517902100634e-02
4.313982241635341830e-02 3.369129729131305206e-02
