2.168328610144200017e-02 6.034503508793274268e-02
-2.879849684122345529e-02 3.931760647815839282e-02
-2.286140707370157288e-02 2.916219249349725692e-02
2.181175083436672976e-02 2.546368606427071649e-02
-1.302199488430503486e-03 2.326255561961841981e-02
3.773594661960597008e-02 1.971377153912286934e-02
2.368002486103965747e-04 1.917061857357399771e-02
-3.133866375466741808e-03 1.773589476114124583e-02
-7.902208309104626419e-03 1.549036996207442916e-02
2.467794765596304386e-03 1.584043575685674388e-02
1.653954712574343729e-03 1.033135149050706456e-02
2.281669986074599116e-02 1.026025162466273448e-02
2.039625431070088424e-02 9.767873440360709536e-03
3.956789850426221250e-02 1.120922294058462020e-02
4.717214835469094036e-02 1.055055857738523492e-02
4.301992927829433044e-02 1.157371038208252975e-02
5.499999607246991440e-02 1.301953966643626739e-02
6.109052028876198887e-02 1.424993912690461148e-02
7.965256850268997990e-02 1.675533975205239015e-02
6.521402898514044866e-02 2.108971763094287522e-02
