3.391718827124233504e-02 6.487812624379325765e-02
4.673365904729358949e-02 4.083038569946652319e-02
-1.299896214329574265e-02 3.427316489917337644e-02
-2.067500399597566735e-03 2.870220720137806047e-02
-1.562569779514691101e-02 2.389342957963774133e-02
-1.102455333686103156e-02 2.337637920949856701e-02
-2.702834328499374716e-02 1.901198606826547469e-02
1.893806236397304124e-02 1.824758132846588526e-02
8.966766139101902885e-03 1.911003681943771945e-02
2.314916367472892936e-02 1.670142407985081290e-02
5.638393633157349691e-03 1.206579735001599152e-02
1.722828085788038598e-03 1.128653344570354662e-02
6.192421848686326113e-03 1.131647969029368934e-02
8.533420810875026741e-03 1.101540173867445946e-02
2.864294958231208485e-02 1.186157920927055111e-02
2.754559823717265404e-02 1.336454767248144646e-02
4.099751756130985691e-02 1.335858958689929710e-02
5.130788591252583020e-02 1.656133067617791485e-02
6.281743430461833588e-02 2.090518866148334196e-02
8.564939925288929390e-02 2.366120608197028879e-02
