3.985829625627320544e-02 6.058009640971864090e-02
-6.941907679066881831e-02 4.352974049417109720e-02
5.067360110268650381e-02 2.978318904865124434e-02
-3.646143782349788032e-02 2.899639826061026562e-02
2.960539958909635602e-02 2.408403175386054570e-02
2.486524443517490121e-02 2.331974784949861559e-02
7.224047805518074052e-03 1.859648509817261527e-02
1.856437753855358364e-02 1.817990987165313266e-02
-7.433627529015406944e-03 1.732378707563746179e-02
1.329970007170314626e-02 1.659498689677711344e-02
-8.562160895032089325e-03 1.048481662868500086e-02
1.906633047131761974e-02 9.200668054373001281e-03
1.704229970157270999e-02 9.808571836531696647e-03
2.380547368185981574e-02 9.453734188229565710e-03
2.619404163094799995e-02 1.077386005884493729e-02
3.422015367337286063e-02 1.095323935242762184e-02
5.808654960104881609e-02 1.399609823637540905e-02
6.756881397384388588e-02 1.594609968243051318e-02
5.582724995268858320e-02 1.748622149652500138e-02
2.557260922586735569e-02 2.072146664436198132e-02
