4.067808197869587916e-02 7.839567837150344942e-02
4.027202526740360222e-02 5.263015657621433752e-02
2.747742458346879441e-02 3.723504440308456759e-02
-1.324697326613148186e-02 3.085164968603885255e-02
4.139829382097701496e-04 2.895197236616007391e-02
-8.044413378673818255e-03 2.681513619480873148e-02
2.085099260838316898e-02 2.274085450666720951e-02
8.573862623222214957e-03 2.122525801113878466e-02
1.197919968900378095e-03 2.032520423921840499e-02
1.721845562135695604e-02 2.029081447257963591e-02
2.815483135660696787e-03 1.308077789636731374e-02
2.629393821886488042e-02 1.313420562063087257e-02
1.389505545661158005e-02 1.217257774129582200e-02
3.456923175774598983e-02 1.190606682432143737e-02
3.047879273392996996e-02 1.292271835422446544e-02
1.871533340533710829e-02 1.441068272152538909e-02
1.247976964608512804e-02 1.648031652314187190e-02
-2.512617953733822448e-02 1.857994493992905574e-02
-4.869902255465748814e-02 2.031588347286968424e-02
-2.604341714763627399e-02 2.572533767111234715e-02
