-1.278439153901814228e-04 1.277933816833247693e-01
-5.763149473482122309e-02 7.792027490414049629e-02
-1.564288539400473035e-02 6.111697176704596751e-02
4.171513391106896479e-02 4.978649018403279169e-02
1.633570159707482816e-01 4.567853817679180806e-02
4.675213123699951262e-02 4.168860883549506402e-02
-5.146037697283629281e-02 3.567764451146918786e-02
3.034813968063477738e-02 3.690749582700770387e-02
-1.318500000493881552e-02 3.228790802517021025e-02
4.196853050052265499e-02 3.252686111582271666e-02
-5.318519995339388885e-03 2.262152658584401857e-02
1.459961566387124425e-02 1.921414583017373376e-02
5.013684320411197770e-02 2.098573007952390934e-02
5.875861985981380327e-03 2.057378167989004289e-02
7.322068631613008749e-02 2.130660646798060789e-02
4.013520562603598713e-02 2.066468222000564930e-02
4.703824875032464742e-02 2.409581848014144545e-02
8.474993042695189160e-02 2.950408371448312930e-02
-1.060122847904824191e-03 3.563488342334787673e-02
3.604858805330124483e-02 4.146877211983387990e-02
