-9.924556108121447844e-05 5.106435168302107591e-04
-5.861068823561876558e-04 3.475769440040493491e-04
3.162016619207281502e-03 3.349941178323130511e-04
6.515473341817894226e-03 4.049400810567958331e-04
1.111149005842775733e-02 5.114281634854946426e-04
1.625498595551059383e-02 6.825045321942105857e-04
2.209604638780588923e-02 9.003524811973696992e-04
2.814740849562541447e-02 1.086885129730377157e-03
3.311357771514042425e-02 1.243698896352284826e-03
3.746461469470981076e-02 1.444353785612511459e-03
4.625356813791579869e-02 1.700802307797922956e-03
5.654611738481737232e-02 2.079393403839020077e-03
6.444652084241846157e-02 2.357750139060999731e-03
7.262095826677582300e-02 2.786032478345028002e-03
8.132335147613646564e-02 3.087515647505179126e-03
8.602026425529929465e-02 3.433986518971864597e-03
9.658201097931122525e-02 3.867130275996912264e-03
1.033893687470960332e-01 4.163954084928681368e-03
1.078950417609325502e-01 4.876645260339737380e-03
1.184725354470541059e-01 5.755832357297015547e-03
