-9.900994760708234778e-05 5.544693786470152519e-04
-6.026766269640358243e-04 3.893518736049668156e-04
1.644722102090608257e-03 3.748981858722482850e-04
2.901979673956649880e-03 3.721369651099510115e-04
4.755776835453704235e-03 3.785959147069924580e-04
7.506225654204050357e-03 4.520109350285459945e-04
9.649227422966503639e-03 5.526969694405276185e-04
1.398973672553449447e-02 7.090977379618047327e-04
1.753958453169348133e-02 7.632217021114730358e-04
2.005596014118859322e-02 9.001987508749452862e-04
2.587770163275775540e-02 1.009545494550194563e-03
3.497403312444301304e-02 1.326986081751474564e-03
4.169253942358746440e-02 1.606323200927693750e-03
4.981748533005648377e-02 1.972648034132100381e-03
5.551488213050979892e-02 2.329476540416039205e-03
6.422868767840739235e-02 2.737521090231793530e-03
7.203517951933953445e-02 3.291564928882395775e-03
7.621968909631768319e-02 3.743202597482098246e-03
8.486742460074321592e-02 4.626422140837344217e-03
8.484704063997057510e-02 5.189470400937239852e-03
