-3.305993923810804239e-04 6.606033313332637267e-04
4.966242639745379120e-03 5.007334465665045373e-04
1.311435607080851072e-02 6.368870247568053731e-04
1.679946416802378939e-02 7.364943071923092145e-04
1.849233629015607783e-02 8.476637828508716034e-04
1.742932743892263228e-02 7.873478631678997681e-04
1.752328116259342997e-02 8.165779489103676793e-04
1.586593760190694452e-02 8.181327063744495533e-04
1.300560810638788298e-02 7.624652537211685718e-04
1.098453632176529110e-02 9.193562618259446852e-04
5.899850347123509510e-03 6.398023208595180703e-04
-1.410739025752220282e-03 8.066333470302080233e-04
-5.989225688707073940e-03 1.062023136548794020e-03
-1.477913174296520242e-02 1.415799479015955294e-03
-2.662874367324368982e-02 1.854280735359223635e-03
-2.760845535143940585e-02 2.425034735182951800e-03
-3.957050949042452415e-02 2.886336250278936661e-03
-4.684204120927581289e-02 3.990034813637731784e-03
-5.759397976841810346e-02 4.595164682211588976e-03
-7.068029348733219364e-02 6.088877195597718062e-03
