8.522958886939298448e-04 4.958284847182805113e-04
5.510623633816586105e-03 3.444816038422867169e-04
1.611147394470061750e-02 4.937682236656308361e-04
2.717155635570918382e-02 7.248481034291096199e-04
3.943996172666672934e-02 9.936805353036172288e-04
4.999485304303577515e-02 1.240514339939837417e-03
6.067936778178702889e-02 1.489001555722959834e-03
7.073171032629059496e-02 1.733057396675269975e-03
7.948354809276048094e-02 1.929742759964799556e-03
8.771225026336922082e-02 2.115988637975428632e-03
9.989817145870664994e-02 2.389573618897414958e-03
1.127239449068222904e-01 2.736436146912348249e-03
1.252916385099981933e-01 3.070931137142893230e-03
1.368737914936596078e-01 3.395147095356522860e-03
1.469959164530472706e-01 3.523300725199948746e-03
1.568992244996600116e-01 3.927529179488488224e-03
1.662724345842563067e-01 4.192013362654497220e-03
1.679847675595679546e-01 4.722842885123845411e-03
1.800400459251932928e-01 5.010589182574649164e-03
1.864852847486868082e-01 5.580734088176524631e-03
