9.775355036773874205e-04 7.637785424262728481e-04
2.524549062972566217e-05 5.310922401837584513e-04
5.146976848562411465e-03 5.211817817023267933e-04
5.149024528478236308e-03 5.299539227409333581e-04
6.875050114530637316e-03 5.886784019670174284e-04
5.557892627848481579e-03 6.577942361174530204e-04
8.574635742511570180e-03 7.268817798033777632e-04
9.864056352446205420e-03 7.772296869367903774e-04
1.107582858947791203e-02 8.675368329281504115e-04
1.007262644125469543e-02 9.958711506302968166e-04
1.530014031049395720e-02 9.379304647673790017e-04
1.983387623634588759e-02 1.242521127542645619e-03
2.390540875856421096e-02 1.503668921635883601e-03
2.723067013929134778e-02 1.926527489991244988e-03
3.460212128464668080e-02 2.242486219100233314e-03
3.644197116146358911e-02 2.953455557467986933e-03
4.099438938838926433e-02 3.615978047860362535e-03
5.044764341322757056e-02 4.134114709503285481e-03
5.323436322901292650e-02 5.069744504403990958e-03
5.718962534601256670e-02 6.398034098592640488e-03
