5.317149367922375039e-04 4.358458175319983308e-03
-6.150740435623489565e-03 2.525114051699332493e-03
3.740174881606628168e-03 1.870444405287083160e-03
9.410989318702167551e-04 1.855462820653375330e-03
4.912881153105219494e-03 1.647483243305185394e-03
2.598658446901279655e-03 1.657241579997727199e-03
1.057505876360080761e-02 1.655301492403406976e-03
8.678641700686344843e-03 1.595848585190846273e-03
8.316767889518900461e-03 1.843371675647740779e-03
4.789496474533491352e-03 1.854757122547364030e-03
1.474782020856190388e-02 1.526745294237977875e-03
2.137186269493578789e-02 2.085635573910106250e-03
2.846247949126981536e-02 2.402514703942518551e-03
3.385755239464127708e-02 3.218239010898816914e-03
3.973001797441494398e-02 4.462709711351147725e-03
4.439698160206571875e-02 5.886966173858298838e-03
5.607071497355717304e-02 8.466180992293214844e-03
6.071461650009412486e-02 1.139782995390080031e-02
8.262545776126554997e-02 1.631003889185846795e-02
7.404052827039586671e-02 2.215422566083299558e-02
