7.400707535022814539e-03 2.678524091880005176e-03
9.450485389810254827e-04 1.512465865024329240e-03
8.853817823771995650e-04 1.244419685283500382e-03
1.454589192417832157e-03 1.110802269513380290e-03
3.550270296494000260e-03 1.085842933530048026e-03
7.835254331985144066e-03 1.032552030198926859e-03
1.360124568172430340e-02 1.146756942690784452e-03
1.890931489287061423e-02 1.250420205470561706e-03
2.716206690349507250e-02 1.401160320659480341e-03
3.135479868861475866e-02 1.614333083996400244e-03
4.503611013769209109e-02 1.899070287533266392e-03
5.922927345570676294e-02 2.408065326761249167e-03
7.066188473391911418e-02 2.903833391302762523e-03
8.469053804075581116e-02 3.554631657557462843e-03
9.630178492190019646e-02 4.224378716381970225e-03
1.061855942259438967e-01 5.631066332463834784e-03
1.172182458550606182e-01 6.452075525988231960e-03
1.242809317353377185e-01 8.120163684506480697e-03
1.224333831843101017e-01 1.118061266225542361e-02
1.375945944985794422e-01 1.517057920253521083e-02
