-2.279139392589689828e-03 3.221324217569235867e-03
6.032586861429772504e-03 1.922711641281252184e-03
1.281578212375089100e-02 1.717436235218117472e-03
1.587937271374271347e-02 1.535115795630246889e-03
2.011314822819502968e-02 1.551345582421869394e-03
2.378429625773635994e-02 1.513106335465839959e-03
2.422394351210422486e-02 1.526105102053328067e-03
2.256692451971203592e-02 1.590624238862509534e-03
1.962204808696879285e-02 1.557144764382838381e-03
1.473552664918897567e-02 1.638719590361694062e-03
8.649158796059312759e-03 1.158345694949871165e-03
-2.870716524581924060e-03 1.493870186863891121e-03
-1.183744700503757373e-02 1.848162409003695477e-03
-2.314415447057768110e-02 2.720030138863771627e-03
-4.575176083476398953e-02 3.769052556463373810e-03
-5.330108195213342781e-02 5.207674952242757546e-03
-6.634727255868699825e-02 6.652414053918543832e-03
-9.264694909038034831e-02 9.521351067864560272e-03
-9.685266797074411349e-02 1.318309856715267452e-02
-1.046178463048771934e-01 1.856143335207083994e-02
