2.856501700082642470e-03 2.952138698060251081e-03
4.588510690077484376e-04 1.639372155077794407e-03
1.962985878099643769e-03 1.397691349718595830e-03
2.576752253670828996e-03 1.183486045015567532e-03
1.970979369687724317e-03 1.175296239993276056e-03
5.192822158296812006e-03 1.127103842486049199e-03
6.512601391078128889e-03 1.149653938402740759e-03
9.928313259969954660e-03 1.182902664725554330e-03
1.546384386186911916e-02 1.274574466086750030e-03
1.765011022595572299e-02 1.411177656334789690e-03
2.394960260515958256e-02 1.350064546011024583e-03
3.762552157744249171e-02 1.871427775871741797e-03
4.752607905622906193e-02 2.220263079158359219e-03
5.823688004361479709e-02 2.920506766520678758e-03
6.509087178751044034e-02 3.468545088539185060e-03
8.087698676145016474e-02 4.995158940073829955e-03
8.953436911398528208e-02 6.115698053631108376e-03
1.093065346307367791e-01 8.473598191815329833e-03
1.039859949589195948e-01 1.178348217799573064e-02
1.130598339055247092e-01 1.585854903425260032e-02
