-1.873850658935091425e-03 2.626446508227477626e-03
5.193341122456709676e-04 1.588053903756917471e-03
4.372952856390797081e-03 1.298521906452757869e-03
1.052570608262025018e-02 1.134980659821296835e-03
2.022149086501188325e-02 1.095295148453001880e-03
3.005407881042582163e-02 1.250858792958529442e-03
4.551129376397256704e-02 1.556442060333890556e-03
5.682479522251255438e-02 1.670579508156838817e-03
6.789678246640375170e-02 1.929061806689396632e-03
7.716898449177866937e-02 2.239509219914287506e-03
9.550213281650578312e-02 2.438377317705365740e-03
1.161759998152323559e-01 3.015395363570416102e-03
1.349734996970619050e-01 3.559498994307426674e-03
1.535199964702860520e-01 4.036709790601790936e-03
1.701604153944083486e-01 4.460705231706962350e-03
1.845370772778826274e-01 5.495839053823894753e-03
1.986954560586858265e-01 6.570501371885972830e-03
1.978546011914876224e-01 8.256574571226731746e-03
2.094786128363720634e-01 1.095447955760103613e-02
1.936953603262819845e-01 1.534760643367348229e-02
