-2.591219564335096089e-04 5.707980405886598939e-04
-6.867634480013524436e-04 3.999390383349028322e-04
1.548601967741099639e-03 3.821013468415930775e-04
3.017402536380906029e-03 3.866502858441291210e-04
5.160125478801239757e-03 4.106813032375563016e-04
8.116483095808950041e-03 4.966697153259015240e-04
1.087895794778845696e-02 6.162033668382467999e-04
1.580862374332218934e-02 8.202193348172550453e-04
1.946349895380602296e-02 9.161873620417625109e-04
2.319192924990097840e-02 1.092754693674618648e-03
3.114272398337120107e-02 1.217250153116599710e-03
4.243995466217884843e-02 1.663291563957966816e-03
5.264812437829786973e-02 2.113088211121688220e-03
6.665965023592866634e-02 2.810854667445147979e-03
7.870799824824060986e-02 3.640137313713750176e-03
8.516659857997412042e-02 4.356013348646235739e-03
9.399856885684523822e-02 5.971527774737445983e-03
9.313684904620199434e-02 7.554426851817257725e-03
1.088873155951985000e-01 9.719774822571448925e-03
8.997523371459360819e-02 1.430794438433861775e-02
