9.880621887198622749e-04 7.692474267501751579e-04
3.633884124660314609e-04 5.583706785942057658e-04
5.260312177273299833e-03 5.531088799962161594e-04
5.579577964021635583e-03 5.706875987635834802e-04
7.155220846142659741e-03 6.269850054995353313e-04
6.365184573908799250e-03 6.982021434517897071e-04
8.295812114429744824e-03 7.852723156162263497e-04
1.064911249633818287e-02 9.022794910723154873e-04
1.260287540422294281e-02 1.036116449220392342e-03
1.244531618731803749e-02 1.248472182346093340e-03
1.748273876563725612e-02 1.172361413292521753e-03
2.343510840490337435e-02 1.575042018798019803e-03
3.020366187763872876e-02 2.193612298444591689e-03
3.952981134145448078e-02 3.178499875586418902e-03
4.902564266625045186e-02 3.962669782688631182e-03
4.988565019806656675e-02 5.228186714240555706e-03
5.954011356438120017e-02 7.374844656986601597e-03
6.676085843571402667e-02 9.960433460770018801e-03
7.361589664124240651e-02 1.409904659578786225e-02
4.326761235733124489e-02 2.063751239910347965e-02
