-1.893124837416598674e-04 6.823598962187294413e-04
4.922896783050145081e-03 5.123679072691930507e-04
1.324280434842827446e-02 6.516151555299442037e-04
1.696092079532595873e-02 7.492818949893067029e-04
1.828423629918980373e-02 8.479146397311747860e-04
1.631136218475031166e-02 7.672745603365337640e-04
1.587069917413753625e-02 8.208403189717022224e-04
1.349724966473230675e-02 8.410248827429265021e-04
9.842647291572442780e-03 8.099420231451881502e-04
7.312769836707695530e-03 1.027984709407507363e-03
-2.610316866479284051e-04 7.634398081535633636e-04
-1.144058832112664764e-02 1.210393186685902994e-03
-2.089043877123662393e-02 1.760173682729213301e-03
-3.764034311119694720e-02 2.700459703595983665e-03
-5.180607040115636081e-02 3.551548150646630445e-03
-5.500541358806049913e-02 4.793581780800983648e-03
-7.662007521500774354e-02 6.148381392934986270e-03
-8.370359624408313381e-02 8.594822732142062480e-03
-7.430167052583112886e-02 1.146618587809124235e-02
-8.790807876655479247e-02 1.711566642905636842e-02
