9.281050859020139416e-04 5.075597769275885449e-04
5.783925091414511034e-03 3.522161951526433707e-04
1.714165440689878472e-02 5.171223029838164890e-04
2.925134620553989859e-02 7.751940454310000993e-04
4.287332587935872852e-02 1.079527695072668957e-03
5.506921366609264512e-02 1.363011020661611438e-03
6.646305368658338153e-02 1.614234648660695234e-03
7.876661634482255703e-02 1.954421792684708260e-03
8.858428345078896149e-02 2.163672468498442029e-03
9.927457813388265717e-02 2.381493510079896441e-03
1.143980938954731602e-01 2.751434676190506450e-03
1.314504176328192275e-01 3.196239181685356021e-03
1.498088525813530969e-01 3.698903076721415592e-03
1.647846235179536989e-01 4.207337789077125918e-03
1.776357407045386916e-01 4.666239460106914351e-03
1.910033484631008527e-01 5.108398945583337430e-03
2.004148563274754380e-01 6.230313723960945356e-03
1.969937990972170649e-01 7.597988051099699089e-03
1.989434270628399060e-01 9.545423910455723762e-03
1.895406611631317018e-01 1.278183774802658587e-02
