-3.927651669731542679e-04 5.243043650234903430e-04
-6.055952889779349022e-04 3.603016112078410039e-04
3.387075462580675395e-03 3.527409326849838657e-04
7.026160592851118936e-03 4.304623497425228654e-04
1.233194044224172024e-02 5.634291822889059232e-04
1.831383693025157369e-02 7.860872894287461443e-04
2.501734415130084030e-02 1.024351711297877970e-03
3.233458674747988204e-02 1.258183006118550936e-03
3.786191034272901046e-02 1.445360874721740270e-03
4.376734454248701334e-02 1.716493144083615623e-03
5.379925187014807791e-02 1.968900562429542599e-03
6.823901730888444483e-02 2.535840471459618883e-03
7.982412792339595164e-02 2.984228194607369510e-03
9.204780963006044259e-02 3.776710724013018338e-03
1.039762156761741552e-01 4.173541334218895844e-03
1.139530290555379188e-01 4.994530313825761014e-03
1.199676773151674702e-01 5.981726466010032356e-03
1.242168233202752547e-01 7.401392340596254019e-03
1.419441184395492384e-01 1.016172300098614444e-02
1.212573966676207954e-01 1.361155768584068441e-02
