2.501771348306797756e-03 9.137675334539177227e-03
-1.382862211573140584e-02 5.199408810377059709e-03
-4.917837308806451537e-04 3.855912453709233346e-03
6.493737147562904030e-03 3.238789118830762235e-03
3.954101093679822376e-03 3.025823534132285244e-03
3.210769500892787895e-04 2.727789536844926581e-03
-8.955364647776075130e-04 2.605609350215169415e-03
1.284604694099849599e-03 2.392198381920983882e-03
2.014788551242627061e-03 2.312326334877420463e-03
5.862596493644233429e-03 2.251620885156540262e-03
1.133230425121404747e-02 1.707068244313577786e-03
2.029841964033980706e-02 1.759878550580738863e-03
3.311279742076851662e-02 2.203982524651691179e-03
4.619482804557097783e-02 2.492531988070036033e-03
6.224211883948876228e-02 3.019059481773810668e-03
7.154132745066206500e-02 3.447924703659531465e-03
8.807531664963487439e-02 4.203511129713306121e-03
9.934366644798867108e-02 4.907822034585072705e-03
1.049307519479362738e-01 6.030369808860342254e-03
1.252819569414968803e-01 7.579814779515226496e-03
