6.594141627031761994e-03 9.852114128981076177e-03
6.121935947434699495e-03 5.897607262651510807e-03
9.659497133216739251e-03 4.309818292054205455e-03
-1.996703775337414777e-03 3.731950652068471638e-03
4.662501106594348251e-03 3.020790650150755041e-03
2.271135632360477322e-04 2.890440320011925142e-03
-2.945743474446232968e-03 2.777561359290866162e-03
2.150240110173911104e-03 2.817744185496132408e-03
2.517261738759598872e-03 2.773853361878631830e-03
1.879125332709709545e-03 2.482856982717705687e-03
5.431365783166203394e-03 1.779855106932378642e-03
1.256380290475127455e-02 1.805076583486194333e-03
2.049762021190485242e-02 2.136639756385135588e-03
3.195029219767223788e-02 2.389472036809710351e-03
3.840920947802393959e-02 2.720774982793411345e-03
5.412582912329193946e-02 3.160959033323985142e-03
6.682066539888102674e-02 4.124362238887095342e-03
7.331041709511441906e-02 4.840805797109503511e-03
8.753737395161821644e-02 6.281467232119181295e-03
8.635262035411736536e-02 7.702138702954110586e-03
