8.658351445149323547e-03 1.383959092439359349e-02
-2.346299989341236146e-03 7.999124656415630003e-03
1.903172834532060277e-03 6.194226678035879771e-03
4.687549968713973676e-03 5.400856384164570700e-03
1.364293626986784469e-02 4.837067798967940868e-03
-5.908428668251036395e-03 4.338287249647466461e-03
3.970235460590650599e-03 4.100778704271576189e-03
6.178987847439889464e-04 3.845442422218523296e-03
7.211411269911334639e-03 3.684301642324492709e-03
4.317446131553259563e-03 3.736683682526593595e-03
7.737138953760625340e-03 2.619287720477056578e-03
6.194277000799305703e-03 2.585709422667244791e-03
1.035949282263440123e-02 2.692308487767473574e-03
9.583338239228069919e-03 3.110009141240545252e-03
2.507096716014499058e-02 3.457913346558499738e-03
3.278183761081170794e-02 4.346334286857276089e-03
3.271925375125209895e-02 5.159333877355099483e-03
4.152820046742187327e-02 6.108054339110266691e-03
5.046270962840703617e-02 7.627300140415602808e-03
5.692373301245472195e-02 9.602577236056711665e-03
