1.466656627521043844e-02 8.987651569105600466e-03
-1.580075943123950910e-03 5.252088459349125819e-03
-1.585386937070990074e-03 3.815150524413573555e-03
2.433149290268321868e-03 3.317723539149608058e-03
3.231490146708671310e-03 2.955426638506653079e-03
2.332742298111853407e-03 2.799786809941881647e-03
1.048234285612804385e-02 2.449124423818025819e-03
4.846049299657447136e-03 2.551070250350829377e-03
1.903783854896640149e-02 2.323901366820729786e-03
2.411361209241588005e-02 2.236971269072469959e-03
3.505600810948027862e-02 1.752017895414243213e-03
5.812838053947264050e-02 2.211390304779743254e-03
7.847617983349533533e-02 2.576581788831635092e-03
1.025206362745755689e-01 3.096513705907386321e-03
1.232035533007048711e-01 3.466483363458559060e-03
1.394018021583565969e-01 3.989233532000604175e-03
1.545982614878300410e-01 4.533562200112068938e-03
1.622842439189131347e-01 5.503309415693776775e-03
1.810398123592741326e-01 6.261196278177855873e-03
1.905201270821876292e-01 7.226111672058748402e-03
