-1.391757700677283965e-02 1.182198774958107164e-02
-5.040412498963819238e-03 6.726071660948881696e-03
2.310804581784029008e-03 5.113184784231006308e-03
1.069507371205810978e-02 4.366673130666313442e-03
1.725720352319636344e-02 4.102506300737039993e-03
1.708439325750287299e-02 3.684115131358051999e-03
1.964635346487595205e-02 3.699661859701627083e-03
2.616945217954999917e-02 3.295456281010244581e-03
2.627435020761209605e-02 3.125078957268437579e-03
3.115284555106118819e-02 3.436572636199474763e-03
3.003547139375992853e-02 2.289753420303803320e-03
2.717200811889425999e-02 2.383191548638344173e-03
1.789657311609983703e-02 2.304103437691906210e-03
8.116861605967416390e-03 2.485108566906298576e-03
-4.031328304638939763e-03 2.712228055031383651e-03
-1.442259087839532772e-02 3.315665806295239968e-03
-2.547448765553274319e-02 4.273121176999487500e-03
-3.799948784788503842e-02 5.036890278012596048e-03
-5.406884691973570106e-02 6.386814291908114206e-03
-7.007723770524532103e-02 8.937800114747223093e-03
