-1.701428559254647768e-02 3.063005195716146309e-02
2.419078510704820734e-03 1.735618974997308120e-02
-1.060285812706823283e-03 1.309579862259128286e-02
-3.283879124296132379e-03 1.153710813099918624e-02
3.850643417348502927e-03 9.910960143390443525e-03
5.519680476416864191e-03 8.925237617017465694e-03
-7.151132590071545593e-04 8.724236037737606239e-03
8.675791400979109697e-03 7.748844725748645600e-03
1.096206571583185387e-02 6.751847666967976565e-03
8.308236100136538044e-04 6.965513244921359669e-03
-4.935742773563453435e-04 4.786108610365521869e-03
5.053523032254625055e-03 4.683858516704152500e-03
8.438889129956073445e-03 4.806599104099534489e-03
2.090309045905967139e-02 5.013535646209846437e-03
3.210155875585522789e-02 5.395876849395486209e-03
4.642441893500532518e-02 5.888018751906801650e-03
4.519779795713790155e-02 6.834536929386032973e-03
5.548010235381822808e-02 8.062152215327316254e-03
6.034037475340095491e-02 1.034239640574200966e-02
7.748300484839021340e-02 1.311879733397194360e-02
