-1.714183433005814780e-03 2.853414634510214459e-02
-9.009337389348762506e-03 1.663925800816547576e-02
-1.861123504107207657e-02 1.257160151961354312e-02
5.959328508883468198e-03 9.801002294808196583e-03
-7.337363371409617863e-03 9.133638540012914073e-03
6.720779750233915432e-04 8.530720232325088304e-03
-6.037416919187098274e-03 7.483849484021755719e-03
-8.963832845795349042e-04 6.998991277376210955e-03
-9.843984837736297067e-04 7.057238129219599830e-03
-1.789549719990768048e-03 6.209584899958725361e-03
9.367280395275246960e-03 4.384680925550599011e-03
1.375204310942591476e-02 4.208843493763412408e-03
3.380962512010202842e-02 4.295144235964803991e-03
4.417593157285910205e-02 4.728795214485302829e-03
6.190894644929304663e-02 5.839663801861774174e-03
6.741328894595843835e-02 5.414074415930479785e-03
9.062933645773361968e-02 6.801271205065440549e-03
8.745384669572499325e-02 7.943216464701799082e-03
9.064873400443639040e-02 9.678767629572673087e-03
1.101274217288517043e-01 1.201993298966184606e-02
