-1.833929774621189182e-02 4.437373023342073425e-02
-1.156214154642756786e-02 2.741837866123932044e-02
8.620868510908060930e-03 2.022723422169274421e-02
4.647365980248361304e-03 1.677663343815576774e-02
-2.483022542534258151e-02 1.476747147586116894e-02
1.136916112789294886e-02 1.305302645963178458e-02
1.164389489435955702e-02 1.247597373564181267e-02
1.739308805609749917e-02 1.146384286581004879e-02
-7.742803134700567032e-03 1.100137858485413823e-02
5.979302014595862420e-03 1.028702784112271035e-02
-3.579504668624109917e-03 7.011952503749533522e-03
2.060930643698144493e-02 7.027159155470709059e-03
5.994802686451459507e-03 6.639007413423184296e-03
1.449642221571258334e-02 7.041510613392381983e-03
1.287555322560343316e-02 7.848143868272547743e-03
1.725876602604598312e-02 8.954015930037844545e-03
2.380879083890917458e-02 1.043497747446368862e-02
4.593897272632401635e-02 1.208064081868242580e-02
4.225541624454091927e-02 1.430249727190266266e-02
3.575184980985533084e-02 1.786396605977866661e-02
