-3.073196586346391840e-02 3.536649587233790110e-02
4.573773619251675360e-02 2.105447046014958037e-02
-3.125326077494008491e-03 1.662120047603732331e-02
-2.724764956160928824e-03 1.278949751859116170e-02
7.924018720811240243e-03 1.196040559692137725e-02
2.428685589436923448e-02 1.030054337638256629e-02
2.757400834663449596e-02 9.659321743292923965e-03
3.317663303864128166e-02 9.242238660663031069e-03
2.341347965580867913e-02 8.664601325251134259e-03
2.931775628559463512e-02 9.325417492000635453e-03
3.168552792114570638e-02 5.581406773299855267e-03
4.411915933011189422e-02 5.657938812320437855e-03
3.838325661466782113e-02 5.776815908080891980e-03
2.924198045396988674e-02 5.833789596920759164e-03
3.777124711852973462e-03 5.751707272106675733e-03
-8.558679678122822028e-04 6.956851241619952352e-03
-1.897043717672404137e-02 8.022734594166179914e-03
-3.084583269274789041e-02 9.408594338809021795e-03
-5.633506014503136816e-02 1.160573690092561207e-02
-5.657823487628452913e-02 1.480680087056725387e-02
