3.154926386604831653e-03 2.805291170154636943e-02
8.168083229184577160e-03 1.582325601373162083e-02
-4.796119236922366871e-03 1.206915863362554957e-02
-1.043426837862309643e-02 1.022775479059087264e-02
8.461233279989467670e-03 8.221977349093414003e-03
4.548188318650502569e-03 7.935750892785609426e-03
5.205982148362070516e-03 7.809007304368147627e-03
-6.483037540638341041e-03 7.344366305740179443e-03
2.633979533201480372e-02 6.694621764273582347e-03
1.827808591628693816e-02 6.492823804302248064e-03
3.571252988463282513e-02 4.240633532527090729e-03
4.369506945812264703e-02 4.323144538872106778e-03
6.184627322911977199e-02 4.621271815180037768e-03
9.328074480549532199e-02 4.839631575301741630e-03
1.060916898941095393e-01 5.315896756035323398e-03
1.288363259623163393e-01 6.268329234568276696e-03
1.432522048340540699e-01 6.949259113881726263e-03
1.473603027193005344e-01 8.244237991291633594e-03
1.657281659141806029e-01 9.504871488849209182e-03
1.795457518232824734e-01 1.249594700175203979e-02
