3.183561138623300368e-02 4.869737009871496353e-02
4.556195023301945306e-03 2.965942247922650696e-02
2.100481810117129755e-04 2.455735703826258248e-02
4.181328898773953480e-03 2.054447938498160306e-02
3.160322785805769197e-02 1.761436668380454360e-02
3.167830436868892142e-03 1.594145011632133735e-02
2.924571706465672188e-02 1.397267037297476866e-02
2.787868269544482164e-02 1.411151495309252712e-02
3.613508827847491944e-02 1.293130821697502028e-02
1.579205164599861017e-02 1.291365199614882830e-02
3.919339930851820086e-02 8.126725228570802484e-03
2.112064210871674938e-02 7.818806344902335184e-03
5.295302007532039223e-02 7.747862491221975748e-03
2.947470136848528641e-02 7.700796638059410198e-03
5.697080421147357639e-03 8.288366204624890085e-03
7.990407656068581124e-03 9.445175434879340970e-03
-3.054428241624899867e-03 1.053689787532202833e-02
-2.469776792856340913e-02 1.220173519150437140e-02
-2.315740557290016030e-02 1.332996641429832173e-02
-6.888926700415946847e-02 1.731212489742824448e-02
