-4.330932178596443027e-02 4.022670181859420990e-02
4.317713421095897668e-03 2.421420837029128123e-02
-2.432908814292212077e-02 2.069923348557230550e-02
1.841117159079829965e-02 1.536651781275704537e-02
2.328518935374731137e-03 1.375030488501854248e-02
-2.789307802432195935e-02 1.305962848801940461e-02
1.394067162027740926e-02 1.168425616380539510e-02
5.707340345648776944e-03 1.044432242872141321e-02
7.854810629452488660e-03 1.010559627037100304e-02
-1.059107962791927190e-02 9.911960169863233763e-03
5.780556317200312953e-03 6.750811059295218700e-03
1.733282952709064642e-02 6.337911732250437261e-03
3.265163931065468567e-02 6.107164431409150586e-03
2.982790130461628747e-02 6.266013613945277394e-03
4.591484476793949304e-02 6.399325340093558329e-03
5.789793431780369121e-02 7.448615150626288796e-03
7.305299996550902730e-02 9.195051698837294549e-03
9.198113631822363301e-02 9.870320415490579577e-03
1.056895492796748326e-01 1.164717655270301744e-02
1.181132032835316564e-01 1.449652453568477106e-02
