-5.083072896418907444e-02 6.086633842684743140e-02
-3.197945040499479852e-03 3.934850702679308643e-02
2.346260533047336491e-02 3.014912968027115905e-02
1.527138046198847805e-02 2.564415540791437076e-02
-9.658151864396363750e-03 2.156775495878637469e-02
2.483245470427396934e-02 1.929381411363262702e-02
-9.456101263482948743e-03 1.656707934025106535e-02
-9.640548536212363226e-03 1.746761472025088954e-02
-3.771911242114747709e-02 1.643570466253431103e-02
1.797570099371635990e-02 1.511755231482179475e-02
-6.032858403299136809e-04 1.003640417180905360e-02
6.633164404260305340e-03 9.421710821848833586e-03
3.320430500106828428e-03 9.894455540361881893e-03
5.023599175048516600e-03 1.000563728284897987e-02
1.218606720093188232e-02 1.038593182397053172e-02
7.980743784005666155e-03 1.123978652493966453e-02
5.535524018180455752e-02 1.348901700429169792e-02
2.566505600866353376e-02 1.489924336047154622e-02
1.162279436396539134e-02 1.808654144780760115e-02
8.643155268675335734e-02 2.192332861256389084e-02
