-4.169918162549687835e-02 3.985948361725337452e-02
2.702139860652062048e-02 2.442048857059355912e-02
2.875627686684436787e-02 1.927952851347793789e-02
2.671989156706111677e-03 1.514597557968616615e-02
1.733841527874040167e-02 1.373164014822764352e-02
1.565504080875693149e-02 1.179322174879963991e-02
-1.351395515169881781e-02 1.154918324701455917e-02
-5.237763703118148220e-03 1.055357852240032882e-02
1.111638541758745539e-02 1.006167791801750380e-02
3.636224378663865248e-02 9.479047872016333268e-03
3.725181915639955155e-02 6.029987788466161826e-03
3.420013674211357796e-02 5.732357129265931717e-03
7.262527233767022972e-02 6.187644482308021603e-03
6.923413735960257109e-02 6.525930395920566396e-03
9.983912898079620735e-02 6.895080563578659914e-03
1.191035142511504830e-01 7.867313913571495274e-03
1.307223064144512337e-01 8.422684928520968173e-03
1.379396360203103411e-01 9.521808823029187865e-03
1.579847145389254026e-01 1.119861249950878171e-02
1.785884454071594296e-01 1.364878201983876424e-02
