8.241624443283541296e-03 4.450788889820456173e-02
1.543680793429558391e-02 2.736299328649942006e-02
-8.319986900690728299e-03 2.121413349409202037e-02
-1.911837485898080710e-02 1.639039419225583535e-02
4.024885959272732176e-03 1.517556741687058411e-02
-1.495075344105568395e-02 1.375537661859962783e-02
1.400244025355044161e-03 1.244138515826884520e-02
3.205920231918389565e-03 1.128250807062721080e-02
-1.956324682507263116e-02 1.149415663637160662e-02
8.858667048142392173e-04 1.035414010955142301e-02
-1.004752451968961291e-02 7.053400878221043231e-03
-4.335860547824079911e-03 6.771185212147089703e-03
1.213623555677159800e-02 6.756538736743263052e-03
1.971231183277734680e-02 6.741706659321818583e-03
3.161769939381586791e-02 7.519081065568340196e-03
3.232546314223275902e-02 8.069312873938382091e-03
5.352778681730327448e-02 8.668096473388089279e-03
6.151956479309724640e-02 1.084090535934250504e-02
8.098012819232711101e-02 1.252844546694337549e-02
8.085994682983416171e-02 1.519896643279826376e-02
