2.761486562993202467e-03 9.501675390783272503e-04
4.559602977961241775e-03 7.530118146464095117e-04
1.480973558114398979e-02 1.045200697192821306e-03
1.681156997066240305e-02 1.090188615911391080e-03
1.812275436011409266e-02 1.254184652195465587e-03
1.758285006326870681e-02 1.242294382698668669e-03
1.818153585712792286e-02 1.252653205931800748e-03
1.665230350651032351e-02 1.228387120084591631e-03
1.552294478448622631e-02 1.288598732051052546e-03
1.323243597083763497e-02 1.187683340086090724e-03
8.616407422620086035e-03 9.167823849275647495e-04
4.167420441614798354e-03 1.022046720265218757e-03
-2.989900277304691125e-03 1.235182407659821515e-03
-9.860366055020287554e-03 1.622226114091793788e-03
-2.091231478517894052e-02 2.518290169753278126e-03
-2.752268926856168973e-02 3.250178788197531816e-03
-4.555242747885309557e-02 3.853837117203581190e-03
-4.317141708523156152e-02 4.736148491574727892e-03
-5.580276345493741935e-02 5.613611472224827072e-03
-6.736558844479480224e-02 6.138852752260131121e-03
