9.244815092718999339e-04 7.824220842347768797e-04
1.787069494058562253e-04 5.417518898133039150e-04
2.798610995393074376e-03 4.690040655607744988e-04
5.668130726872092420e-03 6.403535859644217051e-04
9.374981474760252925e-03 7.337516423726973954e-04
1.258755793739912976e-02 8.730010179756189171e-04
1.727800934906325442e-02 1.023175899417819385e-03
2.151706764399369601e-02 1.242878153588936269e-03
2.704744933587568956e-02 1.490655607946524087e-03
3.072762520341165704e-02 1.836430057341072002e-03
3.645422264861401807e-02 1.888646164271518164e-03
4.264114308839974526e-02 2.274510929724507871e-03
5.064615797266951852e-02 2.742264627162880990e-03
5.679505010235819107e-02 3.265112467112182837e-03
6.375048088806799240e-02 3.554358649005409394e-03
7.502180726823054480e-02 4.330011711717402824e-03
7.874513404540564587e-02 4.262752554167503413e-03
8.240542282318333300e-02 5.087584284355581646e-03
8.712926496105939667e-02 5.631501382476165017e-03
1.045212649490118301e-01 6.648046756606591084e-03
