-1.821403872977323923e-04 8.285171602188307928e-04
-4.770518838658766307e-04 5.597987427276261696e-04
1.840206162147930546e-03 5.025064098125230040e-04
2.955376117280347770e-03 5.481793661789911929e-04
4.650287535232775979e-03 6.188897913535120875e-04
7.029647079402580843e-03 7.081554423277914992e-04
8.684833209858449504e-03 8.394386110219424291e-04
1.236807919497980544e-02 1.023150111329651241e-03
1.415436083568028837e-02 1.056850851424473913e-03
1.677676998668367267e-02 1.203903143529974889e-03
2.114377874227948984e-02 1.319904158898099322e-03
2.816404325394107622e-02 1.728969623766367023e-03
3.294023483089682236e-02 2.123055647953707176e-03
3.979266781594980457e-02 2.429365972820458040e-03
4.877037924518895506e-02 2.977854267997757931e-03
5.419608072161318651e-02 3.543010536473839827e-03
5.610683366465076677e-02 3.789533739427467917e-03
6.850483340024546286e-02 4.356744022169834613e-03
7.505931538404075898e-02 5.508975780222192566e-03
8.782755192798355481e-02 7.175060833296025530e-03
