1.704407145713033450e-03 7.879406312626689767e-04
4.338652070896605560e-03 5.890059413948521300e-04
1.122209821008942482e-02 7.209639916535311296e-04
1.893156765652158693e-02 9.329921404712415191e-04
2.704831571983364741e-02 1.276749804526976055e-03
3.403378166827236012e-02 1.498109754077475014e-03
3.938366788365696425e-02 1.730596501964673213e-03
4.741563536480748742e-02 2.053012696660917649e-03
5.257222236145452782e-02 2.358462406697907961e-03
5.619536414822808718e-02 2.508569594479101786e-03
6.305742349172879790e-02 2.732185402286883748e-03
7.100368352300992503e-02 3.079664310781887824e-03
7.761754353224599445e-02 3.457118543083262299e-03
8.317462489129975878e-02 3.571119977696065369e-03
8.840743227818421979e-02 3.936756938867517173e-03
9.782058534432695740e-02 4.573315095376154563e-03
1.040394538897270044e-01 4.828623547767014676e-03
1.101832343479305087e-01 5.435845698825922390e-03
1.119072864960723029e-01 6.168488415576914644e-03
1.162523382424109075e-01 6.467354609410026593e-03
