9.773387355489875355e-05 1.518768291975494114e-03
-1.743106350186863940e-05 8.920015037932574505e-04
5.639868312043595962e-03 9.126771101336737498e-04
7.538692329757169103e-03 9.617556923929393257e-04
6.593455750235108215e-03 9.930515273972738595e-04
6.816561410814350047e-03 1.096265447792834410e-03
7.665413352680575977e-03 1.066916106837089524e-03
1.165069308617913170e-02 1.297567120868769758e-03
1.144893021930381248e-02 1.327086515925936629e-03
1.169627875106723190e-02 1.584151010095025732e-03
1.360147621658299062e-02 1.313580796932435147e-03
1.782712860882959896e-02 1.808680643364928399e-03
1.835936301445529814e-02 2.144621240114693086e-03
2.097007081382464347e-02 2.561109653296415444e-03
2.247585051497566488e-02 2.741876605769041995e-03
3.160183178241800922e-02 4.173554274857022017e-03
3.542076283741348031e-02 4.721888166529922271e-03
3.975276358289572126e-02 5.442395201715822910e-03
3.972066729727937590e-02 7.501132661305236898e-03
4.055628769708842507e-02 8.612675920099529744e-03
