-8.476007174883679832e-04 4.492911203004178178e-03
8.852403910061507715e-04 2.433237041303774623e-03
3.728510454110612812e-03 1.946499990181125433e-03
8.200123052814098715e-03 1.527414706361068970e-03
1.169657698366009108e-02 1.647716820286734612e-03
2.257576802598054364e-02 1.717718288215618278e-03
2.516313968980342375e-02 1.856828734855587660e-03
3.604437851068627297e-02 2.127418764676122613e-03
4.391899311614317486e-02 2.570048070182890006e-03
5.189081886403999755e-02 2.871846982023331524e-03
6.012112458785045382e-02 2.919937967761481248e-03
7.232825702105587229e-02 3.420745388599942365e-03
8.446121485405488905e-02 3.971271497854491316e-03
8.790274253450701403e-02 4.269980473504915441e-03
9.493734402760757585e-02 4.709697587167598065e-03
1.003261133037958996e-01 5.674976925153567449e-03
1.062064608215772255e-01 6.256265561847243646e-03
1.178789543927105110e-01 7.375813797446981006e-03
1.165379039879319706e-01 9.947559288162981239e-03
1.148648219570477108e-01 1.145441796058163479e-02
