3.518486780979279433e-03 4.774207053655742973e-03
3.827509043824813776e-03 2.954189403269803695e-03
1.352933304730018736e-02 2.301972244802366965e-03
1.757038804968785034e-02 2.243986765154950581e-03
2.054154005686679649e-02 2.338292429746421236e-03
2.057616902664964262e-02 2.221504620586118531e-03
2.394463720267886453e-02 2.269730922817815837e-03
2.383029456598293599e-02 2.346542222621718441e-03
2.234391282573562620e-02 2.176698681058515487e-03
2.245621196955380552e-02 2.555127719155004130e-03
1.561751483866456562e-02 1.896319318856161569e-03
9.623009505139596895e-03 2.034649150127663692e-03
-9.701082948344360701e-04 2.395575341169254354e-03
-1.430824216609659014e-02 2.900959859000061449e-03
-2.086740361491963222e-02 4.214043439226130942e-03
-3.650471870577749745e-02 5.859044309204013840e-03
-6.555934211982464288e-02 6.913396048419281209e-03
-5.316890128951873989e-02 8.690243592075704709e-03
-6.330589402154052081e-02 1.054640743778174211e-02
-8.139677912519369118e-02 1.248017213502757711e-02
