1.195908896458480232e-03 4.343997319776198192e-03
2.793771038755634133e-03 2.383468325885255978e-03
1.901955545984195450e-03 1.874108418321614091e-03
-5.784147352644814291e-04 1.752954857354124905e-03
2.595645699147451895e-03 1.564289380312679743e-03
6.847008467024053892e-03 1.738673670406246617e-03
1.174163578982608501e-02 1.670799688186832980e-03
1.671266634706894058e-02 1.821956460378576417e-03
2.611990544048971991e-02 2.057020608321436742e-03
2.510490558589066959e-02 2.140036497178194122e-03
3.484351144086737795e-02 2.097196476162904201e-03
4.360935353193984981e-02 2.570818759525709575e-03
5.460109865085690378e-02 3.583193792266225856e-03
6.072778175690619895e-02 4.049161469952563749e-03
7.061793088601116264e-02 4.978179242192352222e-03
8.500750678719634634e-02 6.000276723943869829e-03
8.627715421846296473e-02 5.771397712882339257e-03
9.178816467686863600e-02 7.339998089371033499e-03
8.365257563696826271e-02 9.844445542828905368e-03
1.022549251822915811e-01 1.167664441433922604e-02
