-8.365997744593575832e-04 4.661301272761399911e-03
-2.605055771627688178e-03 2.740158486848583933e-03
-1.032235676590067446e-03 2.198698521442332687e-03
1.008898577958571019e-03 1.844960283194991202e-03
2.675128123736200680e-03 1.658452546019712447e-03
3.280129634807210388e-03 1.582578438913356681e-03
6.199394988472006068e-03 1.831285565692577404e-03
1.053724758871057814e-02 1.877070827866535304e-03
9.741636940287739729e-03 1.961590207701198723e-03
1.447705151999717499e-02 1.942386091970038729e-03
1.852704004144899511e-02 1.607702137018632901e-03
2.742127367311549685e-02 2.313254716198212112e-03
3.717090238116432105e-02 2.980080515074270096e-03
4.191746539130822985e-02 3.329749147769530890e-03
5.349589540664401871e-02 4.431019090538255295e-03
6.349943700455783213e-02 5.536262492949080988e-03
6.604293654601608998e-02 6.126803335642577210e-03
7.196234571332620067e-02 7.297288259836909666e-03
6.810698490873913491e-02 9.137171543602280732e-03
8.017254278147158131e-02 1.205221111473599345e-02
