-7.203981233090450730e-04 7.749023093961472132e-03
6.470216776193611109e-03 4.392655546679837333e-03
2.152606085513983098e-03 3.786896777835958069e-03
1.108511390883312004e-03 3.112707344114448455e-03
1.102362516453336437e-03 2.941598747519614913e-03
3.928645976640174689e-03 2.878239785230207130e-03
7.848902299263884122e-03 2.832924761884427628e-03
8.770227972016951534e-03 2.849716620035350288e-03
7.835286165484419904e-03 2.906242573084524567e-03
7.078999888851388207e-03 3.281708529034862293e-03
1.103367029526782124e-02 2.401039640148560240e-03
2.086137970649645443e-02 3.284794479442275546e-03
1.918809055447856515e-02 3.780876644540572679e-03
1.901528353310870390e-02 4.533656617009120503e-03
2.141853265478086202e-02 5.791283675465442628e-03
2.516836116342855215e-02 7.297870012522665768e-03
2.941721084550760756e-02 9.019948340066488712e-03
4.351327997471487324e-02 1.198614466009618670e-02
3.983791252035812774e-02 1.550131918882352057e-02
6.243003783431522180e-02 1.818661418275566155e-02
