1.780357796137190885e-03 7.984234523522414214e-04
4.520732139185133433e-03 6.076747212390155558e-04
1.188791355870505266e-02 7.510650137798988591e-04
2.025046378182226645e-02 9.915685205986804474e-04
2.955003350528828329e-02 1.366699049585834436e-03
3.684656167248674674e-02 1.639103931980547902e-03
4.383231468076646126e-02 1.945127822398152453e-03
5.236028018548782859e-02 2.280932639416208621e-03
5.826558881630700126e-02 2.592299855373048599e-03
6.151988515812751440e-02 2.730870360988416935e-03
6.953113817413035525e-02 3.044201873443376938e-03
7.846348642948601515e-02 3.413117279463258758e-03
8.377472518005610325e-02 3.910173411486327945e-03
9.248416114634082363e-02 4.147967821077086330e-03
9.592989391646190855e-02 4.715594730359012020e-03
1.042723860738395819e-01 5.246131377386718461e-03
1.113429325097715777e-01 6.071403362629247333e-03
1.134590421748803840e-01 7.269977899947660180e-03
1.083344779119610191e-01 7.872793091997204451e-03
1.285921967816314737e-01 1.055075903592315838e-02
