2.709771794493995908e-03 9.748128195111542809e-04
4.600795902762514454e-03 7.713879063781022439e-04
1.489000084303638421e-02 1.097134017402368869e-03
1.698248073423689469e-02 1.112972124141601345e-03
1.792980765620521069e-02 1.283580686071888414e-03
1.698648250105547902e-02 1.237580554850640320e-03
1.697088639999343521e-02 1.297670956501280424e-03
1.465942449356837790e-02 1.232340437074854779e-03
1.306485076111995290e-02 1.342308234301004769e-03
8.049966024674360190e-03 1.200975402447107283e-03
3.056282351529801804e-03 1.043575203688182351e-03
-4.936266143112472311e-03 1.432369237802728641e-03
-1.299289978654297704e-02 1.991880124007494070e-03
-2.459414572061421195e-02 2.874272330942961601e-03
-4.005634043090582075e-02 4.030151692280527220e-03
-4.687120727974978390e-02 4.915365987516237718e-03
-6.392462032700037267e-02 5.855657882783651090e-03
-7.439234145623087324e-02 7.764235839466847137e-03
-7.902934932111606303e-02 9.670032719915002892e-03
-9.166607685798834615e-02 1.094659350778572765e-02
