-1.424375074363798670e-04 8.486620165379591806e-04
-3.837054011211850140e-04 5.810811439784670631e-04
2.040257981490865326e-03 5.090097472552139153e-04
3.155455654986324878e-03 5.679435174691506525e-04
4.842393350686200956e-03 6.576464225038280509e-04
7.907538540069938837e-03 8.022975567483807890e-04
9.662331112253967971e-03 9.297194023983024712e-04
1.342814241114272111e-02 1.118644861564837070e-03
1.637821860003863331e-02 1.277491155242775622e-03
1.879202405310016061e-02 1.439020867526492756e-03
2.486978934210702652e-02 1.647366837455187163e-03
3.298561066101770439e-02 2.142771612500570574e-03
3.908561583525112931e-02 2.591849567668082915e-03
4.686760857229493871e-02 2.980062921441355411e-03
5.888456327321201639e-02 3.927884016240716647e-03
6.343467726908497140e-02 4.630885773359599833e-03
6.654050337882043420e-02 5.443629828516962678e-03
7.547697119027010904e-02 6.226576006035391964e-03
9.059766462154725253e-02 8.547112918083838926e-03
9.817831147739783382e-02 1.161355175381972513e-02
