1.999808652289559118e-04 1.559300317644047576e-03
-3.849283163557851942e-04 9.477479421529802842e-04
5.835537818950548017e-03 9.136049174337636594e-04
8.223072674375614052e-03 1.052900217616243878e-03
7.149172143623802600e-03 1.050009455498980299e-03
7.510201036969006184e-03 1.214121084085256633e-03
7.868170318504577598e-03 1.226611308805447640e-03
1.293993496796063888e-02 1.463988712273813332e-03
1.359255770902302596e-02 1.600343398701652153e-03
1.313011687785131318e-02 1.950560139822749570e-03
1.548578882570914028e-02 1.651996602762027333e-03
1.785326874969316024e-02 2.123006795484980169e-03
2.053883388377469171e-02 2.663915712888163638e-03
2.445321372552266767e-02 3.451294544936870518e-03
3.071529711623201264e-02 4.467949588944586381e-03
4.305235545471722963e-02 6.178089462357892747e-03
3.998134766267964074e-02 7.182435764249707824e-03
3.851445886455228534e-02 9.120965048100875688e-03
5.006784562856424203e-02 1.273000595257732341e-02
5.669622671604086783e-02 1.593884175745243284e-02
