9.353344771694120695e-04 8.017887485042840545e-04
1.420441950060611280e-04 5.553131076741940923e-04
2.840780274490414120e-03 4.739342392663986516e-04
6.242029835270469611e-03 6.772002429716740112e-04
1.040258863550972204e-02 8.066991077614410694e-04
1.404229750262626919e-02 9.611957713008305792e-04
1.911771739220818542e-02 1.135332335753153326e-03
2.390818053181697003e-02 1.384251210081097888e-03
2.956068058405447382e-02 1.710393148459176749e-03
3.582640644835107663e-02 2.175903227793839646e-03
4.148230687042641501e-02 2.240378046665706356e-03
4.896742637580080160e-02 2.789020579132104379e-03
5.897921465458653284e-02 3.190269900706158446e-03
6.628242140835896579e-02 4.016901749680507581e-03
7.212884533407555587e-02 4.262841542296008299e-03
8.092123000561504687e-02 5.283332672753127471e-03
9.169939314842268097e-02 6.294404540947506378e-03
9.111733176193188843e-02 6.687719067968832774e-03
9.321485660321741917e-02 7.639350196426395595e-03
1.291887404084074709e-01 9.917521866096037225e-03
