-3.185399387797860013e-03 1.514044725630284485e-02
-1.190786736879148773e-02 8.650953890501690904e-03
6.378188534217367305e-03 6.742217617876722878e-03
1.124801312107787978e-02 5.567892476465783995e-03
5.274263079260348673e-03 4.883510825290080827e-03
-7.370245155343521128e-03 4.630510117415262417e-03
4.181107557295548293e-05 4.405712523331731245e-03
1.516934959181292066e-03 3.993429979393641437e-03
-5.040960436229998017e-03 3.636892093757761613e-03
-3.584657961375789081e-03 4.061039624835746306e-03
7.550029141100791409e-03 2.687679527151111934e-03
1.499384300457687336e-02 2.574928023149206709e-03
2.840082228440121356e-02 2.973146754644464835e-03
3.728959232372283661e-02 3.586031267766808233e-03
5.227774504014517237e-02 4.198935456876624200e-03
6.226982227400483516e-02 4.830311957770068443e-03
6.416141140506448348e-02 5.129800848040568656e-03
7.553571716888481113e-02 6.995193780332760458e-03
9.063419790385686403e-02 8.024103818630740764e-03
1.025519299855261052e-01 9.337444499907268658e-03
