3.578044327749389103e-03 1.568877406816691564e-02
7.428071480056433473e-03 9.044014798186056706e-03
-4.510636017492509336e-03 6.115262607481984636e-03
2.924782511876559705e-03 5.421605888491205436e-03
4.707333824729866174e-03 4.718091194380177530e-03
8.935144109225787168e-04 4.562732712238981234e-03
-2.073978991778426938e-03 4.133058674511752226e-03
1.075105898142434367e-02 3.769608591731485239e-03
7.003177752006401781e-03 3.730983786419774569e-03
1.133216943207424922e-02 3.841847087695086666e-03
2.819608924579614442e-02 2.726696966701656465e-03
3.861359281769507351e-02 3.096992726946101206e-03
5.538498890626666199e-02 3.435000376059530857e-03
6.330853202789558931e-02 3.933934000307357480e-03
7.790517439230214281e-02 4.635891259593334299e-03
9.453380687959923867e-02 5.497165018227917477e-03
1.001145921422649382e-01 5.786172520156946178e-03
1.093425920986965255e-01 7.032444264819622502e-03
1.154182965723156845e-01 8.736290697391301679e-03
1.155146392832026025e-01 8.608653840744009966e-03
