-2.420550678625128793e-02 2.956755326190056363e-02
3.431815057973698711e-03 1.476056176461875216e-02
9.351630501498170780e-03 1.161325499918742718e-02
-4.989661572166181891e-03 8.935248121779924488e-03
1.355251767928860110e-02 8.893881262411331562e-03
4.993444597978298916e-04 8.190482643275175112e-03
6.062803838764242378e-03 7.324004537555442278e-03
-2.338451295686593337e-03 8.334849340304779225e-03
-4.600839641641961582e-03 7.193445434947143106e-03
1.995715096707799049e-02 6.649949915385368684e-03
8.395644047323971848e-03 4.628409604717886004e-03
1.012743014373562386e-02 4.890143129334839286e-03
1.542560100356506723e-02 4.947970083201359316e-03
1.729747796254077832e-02 5.552349598995802438e-03
2.080681215842265092e-02 5.514113361980231554e-03
2.823531167463227617e-02 7.284091004897398809e-03
3.564920592401023269e-02 8.220184850184544464e-03
4.342232663456341291e-02 1.039108291955432965e-02
3.920586584319279283e-02 1.196260454539004731e-02
4.224461423492638368e-02 1.450771511778986209e-02
