-9.917817661633484324e-04 1.762010370840154036e-02
2.546588323246668385e-03 9.029921706600030004e-03
2.958297855086629465e-03 7.419369490717381971e-03
1.743172738955555464e-03 6.697637275020006109e-03
4.614998714499066179e-03 4.897810780666159158e-03
2.803306282557545704e-03 5.431500665401156613e-03
-2.476124810140039375e-03 4.545343751477803895e-03
3.623339620852134187e-03 4.847669066966744413e-03
1.501332384285556234e-05 4.014125021271172655e-03
5.479970818124079573e-03 4.134190260962834068e-03
3.255071226491301414e-03 2.611343183628533297e-03
9.324314715939691425e-03 2.728049933710981981e-03
1.103047710473747424e-02 3.223310224822829254e-03
2.814312597044504177e-02 3.782929269178649835e-03
3.167774859515944813e-02 3.547739249542973799e-03
4.770327160786681786e-02 4.758613267872012845e-03
4.730706401993200333e-02 5.282895703141650932e-03
6.970224434043656436e-02 6.585950707062596977e-03
6.841322339360432492e-02 7.096689228514514378e-03
8.455289880441856087e-02 1.003118023268654430e-02
