-2.907393991551043399e-03 1.790804591212301691e-02
5.446152388690206000e-03 9.482716228285758761e-03
1.703064914708539435e-02 7.655606577841944128e-03
-2.471993516919600894e-03 6.841089193282529589e-03
1.452857119438458536e-02 5.795149477849931806e-03
2.012681004656154127e-02 5.566347980502206472e-03
1.719548596891800479e-02 5.330699403526912780e-03
2.187186889629887110e-02 4.615497900404456379e-03
1.872859891259750359e-02 4.618365237571657803e-03
3.508936725206428242e-02 4.859704485024486133e-03
2.934837112691162861e-02 3.308008048303607077e-03
2.931328034542630273e-02 3.513173944574594833e-03
1.649167010869936195e-02 3.392462809171113529e-03
1.830077288428628990e-02 3.938219228763587682e-03
1.294912001660713239e-04 4.056282524730007305e-03
-5.441236044205681553e-04 4.560543070324841672e-03
-2.819644699467985932e-02 5.604482066059067978e-03
-2.962561034466595564e-02 7.207542648200364853e-03
-4.323846509674006411e-02 8.191616773509449723e-03
-5.271165408658376461e-02 9.205003755350681105e-03
