1.732726537332918149e-02 5.429991499946758282e-02
-4.043340357708193229e-03 3.260441736308251903e-02
3.013969762702954636e-02 2.555432981054119035e-02
1.302424127133803775e-02 2.077633757212034651e-02
1.659073772201746615e-03 1.946305066865368361e-02
3.361020475196376672e-02 1.609500523299367547e-02
4.326270215595072466e-02 1.687389326834112455e-02
2.057163225573653206e-02 1.440495157897753349e-02
3.840618231561800100e-02 1.384905250898266042e-02
6.407507187934879944e-02 1.347835099545201427e-02
3.386345025000236930e-02 8.950104880109459662e-03
3.646512191766607819e-02 8.708469745551727925e-03
3.613814113580324922e-02 8.568982077596230817e-03
3.517407704686349029e-02 9.405123870988857035e-03
1.676797782129687067e-02 9.573044083712383551e-03
-3.749061539924125087e-03 1.083296784577962232e-02
-1.007178684497443688e-02 1.181293868593852499e-02
-4.451048805995496890e-03 1.381590908658726288e-02
-5.743167626081103344e-02 1.687243063902980553e-02
-2.232355526844362337e-02 2.047091307717891634e-02
