-1.548376649911933217e-02 4.921891856424502609e-02
-3.854361963148564274e-02 2.670710087605246766e-02
-1.606624718631880985e-02 2.020225356061236197e-02
1.630961408287543574e-02 1.804971983332995245e-02
4.010407641282390592e-03 1.531961118896644179e-02
-7.101992771907981658e-03 1.383920326494575762e-02
-5.822398224862907271e-03 1.193659192462880568e-02
5.237856239496161770e-04 1.165889902641935663e-02
2.331662599161111321e-03 1.085489678120992417e-02
-5.439256143686985873e-03 9.833181581202195612e-03
4.431501941037746875e-03 7.314032872886676827e-03
8.044241691137742891e-04 7.169472586267690295e-03
1.101187157977135712e-02 6.523150660432072874e-03
2.973247980681908986e-02 6.729891151316276347e-03
3.199591195638688129e-02 8.356789214788686720e-03
6.494683354938057818e-02 9.537077707767720874e-03
6.443872523204845215e-02 1.096529486306302946e-02
6.939177688758507712e-02 1.215161079970939612e-02
7.416985193824396361e-02 1.361944559721272284e-02
8.368446914963684202e-02 1.537998054702393105e-02
