1.234260268367641696e-02 8.542390685031103770e-02
3.155378796117622175e-02 5.000712851446565549e-02
-7.843407665203730797e-03 3.612753627854928956e-02
5.115266634408021512e-02 2.930370441614536803e-02
3.351819348728823922e-02 2.822018980320548445e-02
-2.055544156694249711e-02 2.431604675248595637e-02
1.640149168525424639e-02 2.390885855452238445e-02
-4.562746149249758722e-03 2.147019883285507594e-02
9.112225862371859525e-03 1.985563958685009067e-02
-2.359383097204821242e-02 1.944037844227913814e-02
-5.779521159351814433e-04 1.287736624588555964e-02
3.138945347807326619e-02 1.266098897345819228e-02
7.461464474368275680e-03 1.229660585284987444e-02
1.365662549582620858e-02 1.248186863355364891e-02
-2.194711792032399966e-03 1.379592701175793440e-02
2.609007093271843367e-02 1.537586406505768270e-02
3.164788686104309801e-02 1.852658731594226602e-02
2.966798900592169247e-02 2.184252275771271165e-02
1.519363118094154905e-02 2.293353006734535557e-02
1.587932721538146477e-02 3.056474737393998983e-02
