-6.762566447390952473e-02 5.201031926281514395e-02
9.128718044187923361e-03 2.908025339864752853e-02
2.418480728252707899e-03 2.279973527835636032e-02
1.187285622196383207e-02 1.882375815155282878e-02
3.068294265588755385e-02 1.560009304540834439e-02
-2.292896888919130141e-02 1.422570584209198463e-02
-4.063434468283330832e-03 1.272259896273062948e-02
-1.309651657684482787e-02 1.309493326920295811e-02
-1.094159270743704296e-02 1.297463880426222814e-02
-1.042416600970255680e-02 1.190224316397068584e-02
-1.436863391128643044e-02 7.324446553420376448e-03
1.245941263516737833e-02 7.808457934764009671e-03
6.991005381888949939e-03 6.938826384024926811e-03
2.165825301108581513e-02 8.116625024099814734e-03
3.030610203903693484e-02 8.274336190518791906e-03
2.647008513246183400e-02 9.232866781631529629e-03
2.565689863578142840e-02 1.114930108855546366e-02
5.773717100342254382e-02 1.312429600280906952e-02
6.053707446347379034e-02 1.603716690431216535e-02
1.262648787798708039e-01 1.911144034769593145e-02
