1.941588843968561698e-02 4.469133941207013849e-02
-4.655454153306582549e-03 2.619558258027057662e-02
-1.597166280362080290e-02 2.022042051827209475e-02
-1.106808277282773229e-02 1.604163012976721550e-02
5.293455416312020309e-03 1.452536839601608655e-02
1.163955867932291686e-02 1.273743009788441856e-02
5.245561442861221800e-03 1.248668076757025389e-02
3.975548935407230595e-03 1.170153910662995352e-02
-4.357702251625739966e-03 1.078015855903335235e-02
1.917157662528590559e-02 1.050751788993120953e-02
2.501575846709518103e-02 6.358041191318520094e-03
4.119951876961865794e-02 6.402243096061963241e-03
4.637316162608505488e-02 7.639151654095740519e-03
6.810571029704111379e-02 6.881366966469242182e-03
7.353129649763233411e-02 7.920008392598924807e-03
8.029645725179702931e-02 8.704801609916946667e-03
8.362923705082241088e-02 9.226414089706888241e-03
9.873389630831543029e-02 1.141022882716855903e-02
1.151627260990255586e-01 1.465671072857494678e-02
1.024522377163266662e-01 1.658344114450067616e-02
