-1.523079262313199456e-01 1.216473070967282188e-01
6.628435130429649602e-02 7.367386813352451436e-02
1.050559738697811746e-01 5.174739177720469319e-02
-2.463367645129678572e-03 4.731742139875370901e-02
-7.977089690062189389e-03 4.070633836086696294e-02
5.936943965892133718e-03 3.526942405268924247e-02
-4.758775695300156150e-02 3.545015401163532226e-02
4.156172200952015783e-02 3.047383536313205687e-02
-6.448364648733511187e-03 3.124211507868350501e-02
-4.121372675203734820e-03 2.972105700874078105e-02
-5.436380133521883859e-03 1.832359218915850449e-02
1.886987335093015528e-02 1.703408360177580128e-02
-1.681293954568093994e-03 1.703388724242073382e-02
1.258749410409868569e-02 1.631105475239990818e-02
-2.228759236190022003e-02 1.823799735019929549e-02
-7.796298164770704142e-03 2.073494390291737155e-02
3.798969011066701679e-02 2.329477831732539375e-02
3.167802670825486944e-02 2.329105822453409608e-02
3.851178584095897584e-02 3.028959000234251672e-02
3.029503689456133561e-02 3.501002480591131755e-02
