-6.450977463500510989e-02 6.890124657649740469e-02
-3.305955286707436616e-03 3.903184187786415404e-02
2.005624157456919099e-04 2.823727042689334540e-02
1.769735659393406255e-02 2.738816592305836836e-02
-1.034595764192596488e-02 2.287902942193318148e-02
1.675336311427565172e-02 2.115451603929989835e-02
3.778254294357216974e-03 1.887915905197155506e-02
-1.031863323235085450e-02 1.806882587969000503e-02
-5.695353609183587476e-03 1.649859683038646871e-02
-2.568491478555072309e-03 1.614249701034650361e-02
-6.336681378057960196e-03 1.056464432138515958e-02
1.444444881754821351e-02 9.318346327157013206e-03
3.965080217250593550e-03 9.351444889374772168e-03
3.431000133676968128e-02 1.056128986844727217e-02
5.158282143281651966e-02 1.116147495026102894e-02
5.021624127579157881e-02 1.289756787483527407e-02
5.455294596892627107e-02 1.286045945151192797e-02
5.079905623074191384e-02 1.317687274995843136e-02
7.770372963565394531e-02 1.706983161489620052e-02
7.343033107454380315e-02 1.992266357654069037e-02
