1.648512251307650556e-01 8.184637647555634277e-02
-4.070440917362843497e-02 4.291309194289590762e-02
2.475424989885532945e-02 3.545337140342793431e-02
-1.643396312186237718e-02 3.252052116351330374e-02
-1.652349950134174295e-02 2.677547182820014249e-02
-3.553582028371052477e-03 2.214962827653974703e-02
1.289472627872591780e-02 2.191505061583486763e-02
2.431084798634371852e-02 2.229866372906260177e-02
4.618599580653114101e-02 2.106469201205623046e-02
2.264671342451378758e-02 1.870525037925840905e-02
2.930227799447946563e-02 1.289899633060075969e-02
6.011873930033537206e-02 1.238464304076475689e-02
4.008742480304043621e-02 1.078328106619950988e-02
2.281245414843300831e-02 1.190396724236129390e-02
2.319527244558794443e-02 1.328132766948856777e-02
1.215565067945696687e-02 1.296360420069141844e-02
-3.191801718454241599e-03 1.440055478960262231e-02
2.152387427775874149e-02 1.765371821285891332e-02
-2.716128930671958888e-02 2.133930783050062840e-02
-6.321642419562142901e-02 2.483208442585389114e-02
