9.264845745713287672e-02 7.482695539416252262e-02
-4.643910920919249938e-03 4.406415910122709473e-02
-3.059761082849440234e-02 3.129779244259889293e-02
1.957623001753872743e-02 2.780605406274967717e-02
1.662078318313911160e-02 2.466527935000616123e-02
-1.403926418639839246e-02 2.071044069161189632e-02
-2.342487054070842983e-02 1.956979795654562038e-02
-9.053117743811314039e-03 1.876524192336710001e-02
-5.567833851486865722e-03 1.880262296593149945e-02
1.032986790480022905e-02 1.792097571422277685e-02
9.226125393795142279e-03 1.141350666736420244e-02
1.357126798066840383e-02 1.065759058301776752e-02
1.626260148222057056e-02 1.198683666145982339e-02
2.234998158195218576e-02 1.143365295614970009e-02
2.307818664075067180e-02 1.059948442058247960e-02
3.267140975946281056e-02 1.228107271731349731e-02
4.031280729088058262e-02 1.442484159055374728e-02
3.398780892090601247e-02 1.621388666404152690e-02
7.673230372155782908e-02 2.170810999575209510e-02
5.769978502608186233e-02 2.435539072008291103e-02
