-8.658442122563539400e-02 6.239839707912319539e-02
-1.733873185358415434e-02 3.962592715864377002e-02
1.417927069912201278e-02 2.872462660975796944e-02
-1.992116055847295564e-02 2.750520252810794222e-02
-2.099788153187101894e-02 1.965696938019262374e-02
-1.822629757790232216e-02 1.874668498992631063e-02
3.146156151601626344e-02 1.797671165871947765e-02
-2.161582780695393141e-02 1.605422708755372893e-02
1.184797094273854975e-02 1.507742475915350121e-02
3.829573170370928481e-02 1.549177066392973430e-02
1.030016795236421250e-02 9.292857559667406023e-03
3.290278393453673761e-02 9.450304613982917976e-03
4.553061853971167305e-02 1.001296480565953828e-02
4.629755303938061506e-02 9.707100958004272889e-03
5.487381354631495900e-02 1.012014982676776378e-02
8.594153267756200754e-02 1.131054887987208331e-02
9.727674830586460764e-02 1.334499987534913668e-02
1.055940466081043833e-01 1.416295206736860150e-02
9.821194618122507103e-02 1.782691206389500072e-02
1.161164158047933437e-01 2.008645831164803525e-02
