1.526327154483128178e-03 7.155307856706155092e-04
1.566735686517819245e-03 4.893981026547517162e-04
7.652251259030401834e-03 5.909121785690076402e-04
1.175125182575654896e-02 7.455857397897402072e-04
1.838420588711080564e-02 9.808352807613592537e-04
2.183711486584176062e-02 1.170128430368355850e-03
2.691759268739174482e-02 1.444146236325943291e-03
3.102165528320061441e-02 1.617118430625099018e-03
3.508163770444576446e-02 1.851620349306063677e-03
3.947858929705380659e-02 2.106580927909572788e-03
4.283079647772957549e-02 2.252359794925876211e-03
5.024364005504173419e-02 2.585406763449516442e-03
5.365890276356113930e-02 2.770299992135856482e-03
5.707244320423542766e-02 3.089890889525820708e-03
6.232681820454692712e-02 3.469948019045035557e-03
6.841712432354489504e-02 3.975877742443420168e-03
6.674772847295583345e-02 4.288887597171276746e-03
6.828483580097408079e-02 4.581552196963432563e-03
7.346834789723934167e-02 5.533799186271530154e-03
7.603327192389670863e-02 6.556599551914669977e-03
