6.581693191600172148e-04 1.230703383877056103e-03
-9.756087432817223451e-05 9.113163486041700673e-04
5.656611384227304244e-03 8.122343974149679076e-04
6.345112160187351205e-03 9.230537467530766519e-04
6.087716415977034029e-03 9.327616726356003718e-04
8.257881447422184273e-03 1.030183792928725988e-03
9.745176729186221312e-03 1.246461089166573354e-03
9.364985293327890772e-03 1.225081726552985353e-03
9.877325541411238058e-03 1.372493496382858015e-03
1.230367029020400758e-02 1.653616113988754530e-03
1.415936252443011391e-02 1.430501529760270195e-03
1.842579775284807625e-02 1.805701453717558367e-03
2.303747644926886634e-02 2.242370455507808162e-03
2.320820073030968253e-02 2.698223056953528293e-03
3.440057211044997287e-02 3.502989409245120186e-03
3.136989677951281669e-02 3.946338211037998464e-03
3.901743124536617702e-02 5.503314842752849746e-03
3.457968788910037450e-02 6.326521259374719500e-03
5.051551978289255118e-02 8.618602341139341982e-03
5.686146947196810825e-02 1.048153420048716401e-02
