8.601715041311975771e-04 9.569447395237741863e-04
4.220705655447021254e-03 7.983221417159593524e-04
1.104056090950227519e-02 8.166707269363650788e-04
1.648304968708759824e-02 1.011116553885326981e-03
1.604330950947467638e-02 1.072572742598978989e-03
1.627715478755214357e-02 1.023556053923379769e-03
1.761686275273049648e-02 1.208472037687186203e-03
1.547304079455550166e-02 1.164789368029791813e-03
1.219871779889540597e-02 1.130291163631573850e-03
1.029117424922207369e-02 1.142471431260640852e-03
7.105367749466090337e-03 1.012742973771598798e-03
3.090262892492401468e-03 1.293805463219186618e-03
-5.031799563266985999e-03 1.603923593547531591e-03
-1.249289779417368622e-02 1.981329062928141854e-03
-1.956445445543918832e-02 2.630279364703910858e-03
-2.624396769136892044e-02 3.674576216937366652e-03
-3.427447726938735034e-02 4.121694252896423820e-03
-4.075572042242856657e-02 5.106030912700770114e-03
-6.171731432428313735e-02 6.927934318725877463e-03
-6.686171148150095445e-02 8.027554550629409369e-03
