-4.309670509388789108e-04 7.305202389854897286e-04
-4.025889080484072475e-04 5.011115564149499699e-04
2.012493609012172037e-03 4.838974326023652854e-04
5.178960231615336099e-03 5.479035135981985593e-04
1.014583023677327264e-02 7.231688525545690955e-04
1.278291760203591546e-02 9.111084512035815420e-04
1.729078981190394423e-02 1.107853223009623578e-03
2.104460007652964038e-02 1.295913344540081677e-03
2.487536280407257744e-02 1.484138362355298625e-03
2.971192378417914989e-02 1.789385903027968915e-03
3.592308776674373039e-02 1.995825339097310677e-03
4.327161679665073035e-02 2.280711082129419521e-03
4.994222532357130151e-02 2.618795692283198799e-03
5.633724084753828631e-02 3.224536986693074102e-03
6.258189538886310688e-02 3.390816446032624519e-03
6.986405469950654479e-02 4.001481899008572755e-03
7.822603138604494744e-02 4.714007616591592981e-03
7.529223959283790069e-02 5.179715735244131737e-03
8.023349726042131036e-02 5.900615345030260118e-03
9.968294958653393933e-02 7.376126022692623165e-03
