1.633732694318338220e-03 8.683448786617658025e-04
-6.788579540481845791e-04 5.628064256315840194e-04
2.196499759308490410e-03 5.377812906452195682e-04
3.365103429744375433e-03 6.335464267667665879e-04
3.804249176032524927e-03 6.042359132631903908e-04
6.480677863679768988e-03 6.737302562524820045e-04
9.511107366287295181e-03 8.162420664063923300e-04
1.156052996269278828e-02 8.015484498242941500e-04
1.417203773571778722e-02 1.128531516668630297e-03
1.725268117539610971e-02 1.263689274510935165e-03
2.228641198448644972e-02 1.362325657894253783e-03
2.665408025563584249e-02 1.689723994794060024e-03
3.540022934869407195e-02 2.107535541622224291e-03
4.308650485515104489e-02 2.460769238619755269e-03
5.215115757672521973e-02 3.294952076852980874e-03
5.168369969884172715e-02 3.329869180851251134e-03
5.935527615715468358e-02 3.997733902590045081e-03
7.211872636130942094e-02 4.975664819344315787e-03
7.976007669001453082e-02 6.469898798880289147e-03
8.071123868865794082e-02 7.411423628387266149e-03
