-4.654230100039315025e-03 4.414082924862444170e-03
-1.037150322640337328e-03 2.527664980444122803e-03
4.632261937771016587e-03 1.914116526178267618e-03
5.592252259482601018e-04 1.785107585244584752e-03
4.420975812000258430e-03 1.809383194822338512e-03
4.080516045023259604e-03 1.742868475807242195e-03
7.648391299354388544e-03 1.914654026885788309e-03
5.498062274613879120e-03 1.729779765971133174e-03
9.568074280951029131e-03 1.850708561066640367e-03
1.432542092584268220e-02 1.946506770336519157e-03
2.096083565742174956e-02 2.016416694454374256e-03
2.761849809946432394e-02 2.358703855952843514e-03
3.455668418581853141e-02 2.929458726218241160e-03
5.301641007792750465e-02 3.768020095078326252e-03
6.372744831611423799e-02 5.025447770501039434e-03
6.977835605709530042e-02 6.280419093093566468e-03
8.603700643575284968e-02 8.846876493470301125e-03
1.009809604053363841e-01 1.164626724406439377e-02
1.326385950838536998e-01 1.500109501418118302e-02
1.147101572800407754e-01 2.324613661399650699e-02
