-2.724065411947805201e-03 5.871917574042546072e-03
1.015102616688594219e-03 3.179937293390536993e-03
8.347291505090545516e-03 2.496420335746208242e-03
1.871869413904285115e-02 2.439266325691533469e-03
1.774246096247776572e-02 2.327097830972828501e-03
1.959357479581672404e-02 2.418315569922317547e-03
2.064015363440690337e-02 2.199499973398408477e-03
2.374561597989097508e-02 2.473234542069492961e-03
1.749202307067428130e-02 2.464530606261244698e-03
1.614889352204272599e-02 2.484767070461536918e-03
1.184681576348334264e-02 1.931578632289107991e-03
2.560358525825684201e-03 2.338334910719800427e-03
-5.920768625124640284e-03 2.889804533190326249e-03
-2.825137254575289802e-02 3.829142848083717625e-03
-3.877378551712278715e-02 5.433604248799159958e-03
-4.818188751245098406e-02 6.979807172578590506e-03
-8.054389411352552708e-02 1.035642793343800883e-02
-5.979606997308126171e-02 1.352414053941505649e-02
-1.222010710596358463e-01 1.908438044180228374e-02
-1.279647281092703981e-01 2.699207416020088512e-02
