7.275435917868632897e-03 3.841208682723367459e-03
2.109114101560401622e-03 2.377117043020605513e-03
2.389192490699751717e-03 1.759365324097745750e-03
1.148705323238711053e-03 1.554436254455196682e-03
5.397415695710922924e-03 1.636592557409118510e-03
1.030434969281700600e-02 1.611309971012360367e-03
8.586160795153017014e-03 1.519174756509532841e-03
1.443722079908026611e-02 1.688366214401982018e-03
2.065746661161487613e-02 2.063040931973007808e-03
2.867232170430824428e-02 2.248924019009728489e-03
3.553763895516112020e-02 2.334865494630136533e-03
4.314306867779461874e-02 2.783883203031942838e-03
5.312860260516300698e-02 3.370166552355890154e-03
6.251880210182965414e-02 4.222360424204025728e-03
7.352315950626864272e-02 4.720360261977188908e-03
8.877695812328544045e-02 6.733152859975847539e-03
9.673993947885504985e-02 8.483383030916533812e-03
9.690135517374605378e-02 1.072582466916895474e-02
1.051369688601669489e-01 1.448542874773260485e-02
1.309981133297852263e-01 1.973557876527655755e-02
