-1.270321756541037536e-03 3.548268729690492312e-03
-4.119189281564576872e-03 2.116833826476012016e-03
7.515647137420679465e-05 1.850603447263836137e-03
3.948145685135631515e-03 1.601920954418296081e-03
7.869211271655296436e-03 1.558106045977811259e-03
1.372676419909273082e-02 1.507127590262319523e-03
1.848442115567062657e-02 1.733578174103138098e-03
2.239169112184842200e-02 1.853676218547496138e-03
3.054382745384695216e-02 2.136520604055136031e-03
3.715134618614635009e-02 2.353548995490757981e-03
4.156862684300702965e-02 2.600580194483565876e-03
5.009024116962109557e-02 2.823507476871765006e-03
5.778420291914469764e-02 3.363576659159843094e-03
6.721590018366259411e-02 4.318793386002391967e-03
7.021350227883160766e-02 4.888605035993697466e-03
8.311893348146939808e-02 6.523503016972804179e-03
7.713698589208356493e-02 7.330613934868213805e-03
8.910254532990326271e-02 9.783025019323748211e-03
9.682178849447846403e-02 1.260829026995772574e-02
7.339961047075142797e-02 1.857858703456313071e-02
