-2.121061880851361509e-03 7.471825627192576168e-03
4.653764927964786080e-03 4.163577015046196830e-03
1.235015636432062851e-02 3.236681836770099324e-03
5.615354765744573571e-05 2.771428394019423685e-03
7.060125096995684970e-05 2.732112889090643638e-03
2.446611002777558577e-03 2.652059908179855551e-03
6.975452448788573186e-03 2.730987964144769922e-03
1.031859896999341546e-02 2.630032701370642149e-03
6.032589969986844845e-03 2.955300665211729565e-03
9.386998375225481459e-03 3.194824195480733351e-03
1.537830660247792997e-02 2.607109354540611528e-03
1.804224452453978556e-02 3.050601360618722391e-03
2.256450091301270833e-02 3.993333599291953688e-03
3.194994875844266169e-02 5.417529546816736777e-03
4.280970281127123578e-02 6.536948112718127257e-03
3.204958890393498627e-02 8.819951234501495832e-03
3.222540363940751967e-02 1.221809024686838427e-02
5.486313213423301555e-02 1.774534041581895052e-02
6.165481170218405083e-02 2.270330698899976005e-02
7.637660715863764382e-02 3.843998053964112899e-02
