9.084647496165908004e-04 9.628551745382538411e-04
4.399490104683178616e-03 8.233809146963520483e-04
1.127662605183055687e-02 8.427887235053569933e-04
1.634960374010306292e-02 1.020481569040303325e-03
1.573276008770182685e-02 1.070873809009251698e-03
1.585199556226125558e-02 1.031325370575368605e-03
1.696859341074468536e-02 1.233075494029113768e-03
1.336420795764618231e-02 1.176802653671756493e-03
1.028144935658771922e-02 1.200888835421728973e-03
7.647465244240375312e-03 1.297239025482661281e-03
2.273381602271620696e-03 1.212615138225934175e-03
-3.990638168084750456e-03 1.628172650625503773e-03
-1.881754982027582929e-02 2.433504972121274500e-03
-3.169839193121710280e-02 3.449019858196289857e-03
-3.817737966241653569e-02 4.687547147067399299e-03
-5.443636942741090362e-02 7.639928781609562486e-03
-6.901041858079891289e-02 9.127061454827648315e-03
-6.210150696645302948e-02 1.178736230283361150e-02
-8.872931515915603862e-02 1.702353662046022717e-02
-1.137805826228447115e-01 2.280911780369342806e-02
