1.819769819154704732e-03 8.642995094750721696e-04
-6.733635551004766087e-04 5.627242885477077693e-04
2.086291945359940170e-03 5.552469737820977256e-04
3.644131686887287173e-03 6.633901880508273272e-04
3.798651084785023731e-03 6.282692729329909711e-04
6.984920756385197028e-03 7.288841489259804442e-04
1.018350255295122006e-02 8.807068816097006958e-04
1.344101176740935925e-02 9.564960567083681834e-04
1.622877210761091912e-02 1.321591576787942710e-03
2.034223886306379958e-02 1.520765964623677470e-03
2.636401631972400822e-02 1.620589518760966012e-03
3.276151730663069001e-02 2.133124543699902072e-03
4.804546659831226973e-02 2.950704747768488796e-03
5.673476817839756547e-02 3.616493686157376715e-03
6.932303504793700666e-02 4.914386984258691665e-03
7.610884755391053580e-02 5.557187029101027034e-03
8.397542482931122376e-02 7.497950396288526054e-03
1.066954239276489413e-01 1.095852134195634577e-02
1.013806877196435363e-01 1.430322403076756538e-02
9.253819926015507957e-02 1.973947879862211416e-02
