-7.123212030320520260e-04 7.380278403698044927e-04
-4.610077416589499519e-04 5.065018979650248417e-04
1.934909306582055163e-03 4.943580678986070646e-04
5.603680586329632188e-03 5.626453337760912565e-04
1.100768969900327472e-02 7.678271016932353274e-04
1.354219358554808843e-02 9.749214637712976363e-04
1.987402118056003086e-02 1.298278804335677638e-03
2.380195411756655041e-02 1.476674831635778990e-03
2.867391764395898698e-02 1.722653395992580945e-03
3.250907249908033952e-02 2.025888968622443966e-03
4.189030370848930568e-02 2.328705193369462727e-03
5.287840902211053684e-02 2.835690829497732306e-03
6.488718068383612925e-02 3.495462859631045995e-03
7.270699698482843698e-02 4.323072242575829935e-03
8.205221264350277821e-02 4.939501521698326687e-03
9.706669015807171952e-02 6.784612483893569072e-03
1.147631968371504857e-01 8.450607678437924500e-03
1.131143960926932063e-01 1.002041607361477821e-02
1.027307544187993638e-01 1.278940370479866515e-02
9.574537345095653074e-02 1.644436606996961189e-02
