1.639501209285802253e-03 7.378214944420984252e-04
1.908274606816754131e-03 5.038446674507162607e-04
8.205681733055393556e-03 6.326725300556644300e-04
1.261183897239215833e-02 7.987684796201469225e-04
2.003372143281360526e-02 1.066727499739436634e-03
2.380285865263541759e-02 1.272493697468777369e-03
2.965707431842742881e-02 1.616231278703907049e-03
3.477490961889111165e-02 1.793608347352707933e-03
3.865514779253286654e-02 2.043525567666269489e-03
4.371578384379529170e-02 2.432728834236562963e-03
4.859602091968683729e-02 2.509765684097612498e-03
5.866540357890925872e-02 3.081940327201262205e-03
6.261374863323745932e-02 3.410161202681715256e-03
6.960628765304148480e-02 3.936218073005748157e-03
7.681508988337930333e-02 4.876593297004035328e-03
7.884920232014437647e-02 5.646773888690365117e-03
7.729180465354602847e-02 6.373267814698583070e-03
7.289818371583159373e-02 9.278236000428605537e-03
9.924221381593810454e-02 1.256364700246508960e-02
9.107289791732540996e-02 1.627357358763189404e-02
