7.666786906267472178e-04 1.277824268105496892e-03
-2.459628764489434917e-04 9.517770839465977250e-04
5.353579819670652336e-03 8.416988626081813810e-04
7.146299831029645326e-03 9.647828021124467412e-04
7.048331905613300190e-03 9.848033501721601725e-04
9.102034862209736066e-03 1.166981462349604660e-03
1.064871801076830611e-02 1.329581991534911720e-03
9.759450263232627779e-03 1.377317745598530914e-03
1.132437764716642641e-02 1.634647087985290200e-03
1.430902199438987762e-02 1.913476400897463339e-03
1.531411677079884751e-02 1.722831692469313633e-03
2.230101881084837340e-02 2.430178468626905362e-03
3.409574467559436939e-02 3.329119507885722369e-03
2.393319344241430502e-02 3.997037573048110859e-03
3.775984808987915137e-02 5.424293617978580805e-03
4.103408039288627962e-02 7.479627192902784001e-03
6.362821651273666002e-02 1.073229589964997364e-02
6.779785399905605137e-02 1.487550494639491329e-02
5.527010382317526505e-02 2.205595031598691844e-02
5.835883072412163114e-02 2.872827001731535421e-02
