3.846566604705510539e-03 1.533555970048189505e-02
5.154785501811079071e-03 8.930884999588478007e-03
-3.262814870825652639e-03 6.682339775522142845e-03
5.008486624534438415e-03 5.911022790638899987e-03
-1.427622106359324424e-04 5.161440602344059825e-03
5.175544314041274560e-03 4.577870022125030483e-03
3.277919039300875395e-04 4.373336943198724222e-03
6.243850477591808557e-03 4.190835876341088631e-03
9.375151490128984244e-03 3.722392477561929387e-03
-2.368657533123111607e-04 3.957008931859675935e-03
3.420208222890033789e-03 2.589373239482319674e-03
5.333710969874565395e-03 2.642070506277041826e-03
1.569701284366918290e-02 2.957152573587191417e-03
1.998286064546384369e-02 2.979044591637551587e-03
3.541948716611510728e-02 4.036621304876370463e-03
3.480447532443940034e-02 4.373140736136075894e-03
4.750284380519598226e-02 5.160655884801719842e-03
6.191542477844427794e-02 6.135574012196740555e-03
7.140738242590420615e-02 8.593559215375041332e-03
6.788078198328770241e-02 9.914539898118435515e-03
