1.920256989601896655e-02 1.999588271343274992e-02
-9.373947707510146105e-05 1.048291859245069693e-02
7.887047915978821766e-03 7.344820248168719250e-03
1.277607443638085864e-02 7.275081446993204685e-03
2.304560855928739285e-02 6.522575621551313096e-03
1.355286199554734707e-02 6.078863430682667802e-03
1.856500701437967249e-02 5.035923782073154810e-03
1.496384503266904274e-02 5.040242581647598474e-03
1.352467726192673088e-02 4.862567560955848543e-03
1.621297337951933468e-02 4.725977031417721852e-03
2.395713507288935173e-02 3.547372432321155462e-03
2.892190384979401174e-02 3.787435366507095526e-03
2.062431754045354615e-02 3.304539101637326594e-03
2.003552905985647031e-02 3.840664083655689724e-03
3.749181752171926174e-03 4.074413114252258515e-03
-9.121278065298056917e-03 5.059630355350864042e-03
-1.680154904651643202e-02 6.312526997256366623e-03
-4.003413808439904020e-02 7.347967911689934871e-03
-5.449354240613771966e-02 9.508264243647064975e-03
-6.196544857955959412e-02 1.246800964220500310e-02
