-5.426265735223593373e-03 1.282152600474042656e-02
-1.197234118557201701e-02 7.851584324720248947e-03
5.092348056736433273e-03 5.637624871771616634e-03
3.987424823750115692e-03 5.130788853961436996e-03
2.492842266903517838e-03 4.317654552063005316e-03
2.265538418270045869e-03 4.087670003056089948e-03
2.219024210499990265e-03 4.108467044528675213e-03
6.986411819428769293e-03 3.532507644434197246e-03
8.050607586354042999e-03 3.719521237637498593e-03
8.072497958058501982e-03 3.208859218035916682e-03
1.005277761772392295e-02 2.468682870896598582e-03
2.630803264378180420e-02 2.685688146820836182e-03
3.513757071516965258e-02 2.834873611719183461e-03
3.914304003448283720e-02 3.249229828316330636e-03
5.309851198585330279e-02 3.693078000246258555e-03
6.464045676469611090e-02 4.498221790908476028e-03
5.933932821118303308e-02 5.409724811700425927e-03
6.193650691813618742e-02 5.747532149835278374e-03
7.134014470380664608e-02 7.219011408830473819e-03
7.280655077694786481e-02 8.765153586623577325e-03
