-1.701683538756868386e-03 1.455175076346706953e-02
-1.007733706491497835e-02 8.273320793797419095e-03
6.846956184591294035e-03 6.261568395212608641e-03
3.423371951798045900e-03 5.141818813710364970e-03
-4.357382622147311022e-03 4.558667207098664360e-03
-1.857623746907297924e-04 4.357500971210909700e-03
-1.371371976335779286e-03 4.162407517214248773e-03
4.201670965619355540e-03 3.815015464183432303e-03
-9.675988288276473823e-03 3.380762130913092262e-03
9.218391874288354645e-03 3.364361645844720326e-03
6.147831297190838214e-03 2.481890145431028816e-03
1.196118686895266368e-02 2.631602212510022847e-03
2.014756738981758263e-02 2.530226012622671140e-03
3.401980005922004835e-02 3.331880746574184590e-03
4.523276026471278327e-02 3.845124408434463879e-03
5.852362608170219582e-02 4.285534262572093973e-03
6.430846610142372521e-02 5.235749634475928005e-03
6.841120981712849047e-02 6.382683000989050094e-03
6.922760925574956981e-02 7.737450584031372626e-03
9.572464807672352582e-02 9.600106152827130035e-03
