2.137972742839212500e-02 2.477484768304525839e-02
-1.531389787198150602e-02 1.269400799630215904e-02
-1.377299965436096230e-02 1.051747486035217900e-02
-1.096335609991230461e-02 8.799236625568735912e-03
-4.354211943358504353e-03 8.760388094319560004e-03
1.343688266116353433e-02 7.491276544997866119e-03
5.429011780219812448e-03 6.723037690034430053e-03
-3.620694938940512836e-03 6.674258525100451589e-03
2.140517418425652834e-03 6.147035479154906203e-03
3.210503546629329876e-03 6.781921683529067331e-03
7.427537815234400501e-03 4.491916017947194389e-03
1.062008544786650042e-02 4.553162094844525817e-03
1.716881819439312592e-03 4.503102420617496708e-03
1.543829444910159790e-02 4.801734872345391446e-03
2.750022580301797123e-02 5.710634941628096699e-03
2.875762882737420770e-02 6.306723825383297490e-03
3.186795519167215374e-02 7.861740031740569248e-03
1.356254178327921493e-02 8.751599018296583529e-03
4.845227144683172948e-02 1.182509162769743334e-02
5.010679592762768558e-02 1.506669628852677981e-02
