-1.006719896367600474e-02 4.198901670657822355e-02
8.093008327705254051e-03 2.531092943361814077e-02
5.561041288864781128e-03 2.024369913799028628e-02
5.939070648886118735e-03 1.488956635120231020e-02
1.615349320814649103e-02 1.390766277509914751e-02
1.052189226269039778e-03 1.188425209243909250e-02
-4.920638423507461704e-04 1.197251112721394069e-02
-3.783804832685866535e-04 1.036702728423976455e-02
-1.530108920586981287e-02 9.717560587127039781e-03
-3.241545184567182474e-03 9.843810525627692126e-03
3.608854183149582729e-04 6.782082204628605768e-03
8.354806700074044953e-03 6.286365607922977938e-03
2.981239696372009473e-02 6.973357319249433653e-03
2.662472002842849322e-02 6.469259565226330791e-03
3.775395511661873427e-02 6.954576245730000224e-03
2.935711170743360299e-02 7.285484035469133764e-03
6.065760387565623246e-02 9.447950473283400416e-03
5.930981735273305883e-02 1.208683151991778171e-02
7.961601413523963777e-02 1.257299663510029648e-02
1.012046004871848537e-01 1.558115334046276078e-02
