-4.667579606153311050e-02 7.729078733174048199e-02
8.875099395375873543e-03 3.962785451629902145e-02
-4.552538983477975865e-02 3.629787507974994304e-02
1.615731754473956339e-02 2.791239882716034168e-02
-1.646036674182638562e-02 2.399763141070256067e-02
2.630493795320860517e-04 2.156723159099303844e-02
-2.754127893366145607e-02 1.878644391979542375e-02
1.279345667994496658e-02 1.793433883598163220e-02
1.224425157195081423e-02 1.812285901860069201e-02
2.787648033667179670e-02 1.718265656644995046e-02
-3.122379111904113359e-03 1.243492381978697145e-02
-4.350371104107748042e-03 1.062339496387436875e-02
2.132418845605541999e-02 1.063194487806638951e-02
1.220464249415039067e-02 1.172867259138451503e-02
2.907949599049235861e-02 1.230642562138849032e-02
3.890737387194116714e-02 1.463626311880716555e-02
2.104145268052210610e-02 1.564341775116591740e-02
3.815343890212655187e-02 1.710445979780467543e-02
6.306657998921312569e-02 2.378552141554307608e-02
5.547681412741144180e-02 2.801966339519326027e-02
