-3.654126446838973363e-02 5.795389967215393984e-02
9.446342231723031321e-03 3.460755159524853131e-02
3.146113319299020938e-02 2.316226111834332121e-02
-2.110999988310310882e-02 2.084561395248986024e-02
2.468796281867281089e-02 1.890712938909049068e-02
-7.454598159815405481e-03 1.716286169876686529e-02
3.387054534128479399e-02 1.712277227354511849e-02
2.755359536428108116e-02 1.545472347795157943e-02
4.154937746907712282e-02 1.368332690523456352e-02
-1.267910800389485506e-03 1.451984230985190957e-02
1.271245942152693029e-02 8.705706174155948898e-03
1.126150153288421260e-02 9.524542154831864768e-03
2.958320948305641004e-02 7.909718923219675665e-03
1.692290183445068624e-02 8.742192441511901016e-03
8.908309822172636935e-03 9.975890515160564659e-03
4.027869928702653736e-03 1.079143917696450197e-02
-9.770189919663217412e-03 1.196743849115790813e-02
-9.554489988033544948e-03 1.445497195368357704e-02
-3.202199071208117892e-02 1.726924900870144969e-02
-3.814224966763477692e-02 2.137562275516684263e-02
