-1.000385854117726014e-02 4.259468108337753633e-02
-7.205477437685921423e-03 2.485849031475078144e-02
4.498994324739286001e-04 1.841632937194022032e-02
-1.673716516128448406e-02 1.393483770679543494e-02
1.174102721059238665e-02 1.384768109090954262e-02
3.835901064627496456e-04 1.266847711585740270e-02
8.247522423921141432e-03 1.129055879071830422e-02
-1.336250012645343911e-02 1.072427251673401145e-02
9.503106384710762258e-03 1.023913634337254852e-02
1.348296463469527209e-02 9.913178030743815400e-03
2.011622258539794844e-02 6.819410726264266316e-03
2.356503535734996713e-02 5.941720781139039897e-03
2.396409882458910151e-02 6.377686750596594026e-03
3.235041578176543059e-02 6.377421136069524876e-03
3.402949757156473881e-02 6.947881263152416893e-03
4.735802773864545429e-02 7.926725503822997995e-03
5.457438078418126032e-02 9.278647253593348687e-03
6.167439177623119245e-02 1.079446877530220415e-02
5.581091642195990660e-02 1.238800443243865367e-02
7.000503891162655756e-02 1.578424153464942636e-02
