1.260967138390382547e-01 4.709079084974828605e-02
-5.896527854906128893e-03 2.956226136591989795e-02
-1.860333327532781925e-02 2.057399132726143998e-02
-5.444205711122689084e-03 1.700299831964327199e-02
9.960985555880912806e-03 1.576524189082264410e-02
-7.477628112914661181e-03 1.426386091434649755e-02
2.136323077865962330e-02 1.240582763597314689e-02
9.200716335243162500e-03 1.215816359056446153e-02
-3.838239905062359059e-03 1.123413112399377148e-02
-7.304751943113226356e-03 1.129799827568528370e-02
-1.835379042819447687e-03 7.481250032409040782e-03
-5.572387474385087029e-04 6.398398430686258812e-03
2.779403322133152393e-05 6.619884354407299006e-03
2.536463382422747201e-02 7.588623583697378695e-03
2.385100471544887579e-02 7.627151974312003889e-03
2.655835121992292103e-02 9.137788455153212849e-03
3.325786404348991115e-02 1.052368731861677911e-02
7.362724628077016442e-02 1.243075416775724779e-02
5.642029975961605770e-02 1.537382096447078607e-02
7.699885069724850262e-02 1.732722330169072025e-02
