3.301855334299690602e-03 6.006399505439322106e-02
-3.742944258262501447e-03 3.966425524152170090e-02
-1.828676475709319765e-02 3.160682364753269330e-02
6.168758701912866252e-03 2.716717636498000576e-02
2.028066564399867364e-03 2.470929161102525945e-02
-1.090995585525353709e-02 2.273974306783883501e-02
-2.163480512491025229e-02 1.854846650329219915e-02
8.147789910417415835e-03 1.688244485747673190e-02
-1.948368913523929394e-02 1.581474238114236042e-02
-5.383117573521016032e-03 1.544613410377817901e-02
-6.318244196055617691e-03 1.073703083653219058e-02
2.722402583147246814e-04 9.496990799687615031e-03
1.257764574466312124e-02 9.169487690061742594e-03
1.092959247447644090e-02 9.517309005702004679e-03
2.168234308078192257e-02 1.016760493201024698e-02
3.480992032806590891e-02 1.056195581382422116e-02
3.696261387377685476e-02 1.280665702436198372e-02
3.882079354323641346e-02 1.401227631417188528e-02
6.466838724451849651e-02 1.950047095148922313e-02
8.632961796334485960e-02 2.186259825769098705e-02
