1.947820459687516978e-02 1.030180551056841393e-01
-9.869553816062462057e-03 6.374299653979842439e-02
1.574595326666222012e-02 5.276281323553803915e-02
-5.309924063088453799e-02 3.832156046072768968e-02
-5.408648784268622195e-02 3.808559265354798107e-02
3.568139358107211973e-02 3.477919012712746977e-02
-8.548900322273246186e-03 3.138889866195105488e-02
-2.942718383714558461e-02 2.940664430875300495e-02
2.024144156666165054e-02 2.619141412133968450e-02
-4.014176565976339955e-03 2.571672777838043822e-02
-6.682701743303957539e-03 1.561652038932718860e-02
1.799415223732738454e-03 1.461171423661812400e-02
-2.186107343082033597e-02 1.674892570064410655e-02
2.367453497315458177e-02 1.602277471541280543e-02
2.467613894914814573e-02 1.601311745735598674e-02
1.451700640828594915e-02 1.721152230337414518e-02
4.105278072593720323e-02 2.158598768314085037e-02
4.218932155034779696e-02 2.294205795783478205e-02
2.534174129966415556e-02 3.019059358017445530e-02
7.448853822150634796e-02 3.504131958431323801e-02
