4.302060978951963849e-02 8.222453345261432345e-02
-1.700702720480581562e-02 4.861973000741245249e-02
-2.164003011281802336e-02 3.817155235208180564e-02
8.985180237680082810e-03 3.205808615069227763e-02
2.252797807337609398e-02 2.802468785621872391e-02
5.039209441502309761e-03 2.433075911049066217e-02
-1.746656862309939134e-04 2.492780281175807286e-02
7.609955567963075720e-03 2.216702553458486935e-02
-5.031283093453874956e-03 1.958305301035066434e-02
1.918559116383313640e-02 1.828571661436902834e-02
2.512477352729196658e-02 1.370023702547705675e-02
3.386541619260569763e-02 1.156894219749346996e-02
4.128775165176302303e-02 1.317373336488396676e-02
3.140723200885627009e-02 1.254571541127351073e-02
3.921014645611145717e-03 1.306200770131894957e-02
1.001309826072437764e-02 1.487941967179811503e-02
1.079470225705293600e-02 1.667992866789710579e-02
-2.958600271782080380e-03 1.737740468794413476e-02
-5.262456665256070448e-02 2.363546982318130013e-02
-4.309148707183386301e-02 2.611876933776839313e-02
