2.251522173528657314e-02 5.452630806343711917e-02
-5.533459526300163293e-03 3.526254919393638498e-02
-3.076833282978908013e-02 2.869800192945374737e-02
4.921276974277107030e-02 2.079258937138246666e-02
1.061864995394999622e-02 2.006451757858328591e-02
-1.521780901620534143e-02 1.991442117030821010e-02
7.520772823894436403e-03 1.678012741633643987e-02
-1.413661826831143740e-02 1.659385615684140503e-02
-3.562309038982784930e-03 1.458103222326989287e-02
-1.323253043482366291e-03 1.270962594531707505e-02
2.528615731778395895e-02 1.003334896521175350e-02
2.781588323103629037e-02 9.126922503180106075e-03
2.692895198599909792e-02 9.762269382979714416e-03
2.780506227978328526e-02 8.594852867826449638e-03
3.368730430997920328e-02 9.897113535370436269e-03
4.599030016392231801e-02 9.621126716480039170e-03
6.078877056634926501e-02 1.190819139027847820e-02
7.516471704673342857e-02 1.284178715598848462e-02
6.075328927168619636e-02 1.542330269575926949e-02
1.027311021211936848e-01 2.031722919588959536e-02
