1.967938740109417828e-02 5.484854166548958770e-02
-5.483008450805841594e-02 3.412997211585903218e-02
1.117913074894365082e-02 2.804055732355261246e-02
-2.537969302644062924e-02 2.269470297011924945e-02
1.188433668316455673e-02 1.999574033949337235e-02
1.248407582576666064e-02 1.900459215540381205e-02
-9.958518907143654869e-03 1.626306289241266981e-02
4.325346614762221910e-03 1.755621736753931045e-02
2.521151204540540008e-03 1.330699649913105222e-02
1.854050471162406455e-02 1.370050399360841532e-02
-5.820504731665545640e-03 1.020043101080409312e-02
2.047970107315005145e-02 8.547503238181786492e-03
-8.056831081324620407e-04 9.553572582981111061e-03
3.931284393511837172e-02 9.282847899647781939e-03
4.330978987344109160e-02 9.910331353233686746e-03
3.236206684042577247e-02 1.058782113149260226e-02
5.115902271972592313e-02 1.349984676767264184e-02
4.848950035703272765e-02 1.321745896199603629e-02
6.115881356418509385e-02 1.693929554928265066e-02
1.023682479402552165e-01 1.959622044535727983e-02
