-7.038574367440752653e-04 7.773756785898956094e-04
-4.458154574420844962e-04 5.094250744226820832e-04
2.216505293597957702e-03 4.717688541573235523e-04
5.968053335136629459e-03 5.979984541046052399e-04
9.929592628480924527e-03 7.262276212232684353e-04
1.349727702116090139e-02 8.735282183031269207e-04
2.001537217923265652e-02 1.180796161258370388e-03
2.351338724584449077e-02 1.284706885180643453e-03
2.789494417875514401e-02 1.522101257528327535e-03
3.323614486620608821e-02 1.738040865720969462e-03
3.936748289015220420e-02 1.989036109113355953e-03
4.612706302305860651e-02 2.245311844952909124e-03
5.658935123684221552e-02 2.929392018368270293e-03
6.487281760813404241e-02 3.269542690228547776e-03
7.107962437923762145e-02 3.888013487942342406e-03
7.951174166152270850e-02 4.345726210024773890e-03
8.925907237564043029e-02 4.649865397771756059e-03
8.995342446189422136e-02 5.694324926481283793e-03
9.719481915740148248e-02 6.618714664620299268e-03
1.016794633575454493e-01 7.602053773547568123e-03
