1.181370056116253734e-03 8.645650820424086473e-04
6.204404540984090376e-04 5.706959268739975532e-04
1.292167134360680016e-03 5.096983135662039787e-04
2.865659708336785062e-03 5.274937153773315637e-04
3.755623470443876597e-03 5.756569214917286450e-04
7.080571938110118146e-03 7.106080135336063615e-04
9.427239956334607443e-03 7.892270141855870424e-04
1.215570701885755438e-02 9.179091508652539476e-04
1.663521960904933497e-02 1.096340667548717377e-03
1.989284246563621794e-02 1.339612494434615870e-03
2.420687956658804096e-02 1.373821444143197594e-03
3.027711968341628354e-02 1.704200252780612964e-03
3.723218524933196577e-02 2.005201625540661663e-03
4.481820998533892625e-02 2.432631374644593763e-03
5.282502657923159040e-02 2.940945676216316380e-03
5.818870367485037831e-02 3.484008206432062226e-03
6.588362513903112117e-02 4.236118754254395574e-03
7.436822272692771019e-02 5.112720482456584517e-03
8.232684007777163471e-02 6.472344935215213965e-03
8.959359876800994382e-02 7.042136843610216461e-03
