-8.558249750329643447e-04 1.348888785278777461e-03
5.163141252211593188e-04 8.295339718065526842e-04
5.773216332590734752e-03 8.342662029594794752e-04
7.609887069623882255e-03 9.167249316849967848e-04
6.930741472103401322e-03 9.353194774588286528e-04
7.116442836442265878e-03 9.470171130101137213e-04
9.051339385735336293e-03 1.087004162832858880e-03
8.346413305930475840e-03 1.238395871610917980e-03
9.345284905353509752e-03 1.363088992407893206e-03
1.136054185112242779e-02 1.535866925458592236e-03
1.131357917507232191e-02 1.340799242870332076e-03
1.941121421226288737e-02 1.730760966381546424e-03
2.490125745992398040e-02 2.179031393300389762e-03
2.598552335219262224e-02 2.634131444592530385e-03
3.175190416287708428e-02 3.492241615216473780e-03
3.228488702481593225e-02 4.411150640047746541e-03
4.294136210469046838e-02 5.174909770367854683e-03
4.932072102875909719e-02 7.140354976078667343e-03
4.683210808231595690e-02 7.853077101299357765e-03
4.889092347708647729e-02 9.284647640203709529e-03
