3.211284873881720364e-04 7.232289555690599907e-04
3.475277307576418468e-03 5.068675888006861970e-04
1.108283430735843185e-02 6.368065211888735951e-04
1.893415509860918791e-02 9.302964946942721440e-04
2.676133587256320640e-02 1.219594323078152616e-03
3.338133536957597208e-02 1.381041284599322360e-03
4.142614286041806232e-02 1.725862585998697799e-03
4.807068212276947861e-02 2.052315977309714361e-03
5.273449647405028390e-02 2.228141506090024811e-03
5.942136311467583615e-02 2.501339463806121540e-03
6.645780393833744526e-02 2.759607619590180236e-03
7.641826352787224608e-02 3.177843293743517865e-03
8.640747563154538291e-02 3.528393850002474116e-03
9.161894744608775620e-02 3.853876892008146603e-03
9.906231171784873890e-02 4.285530980489548995e-03
1.063127687795161341e-01 4.740979361918563027e-03
1.112207335094298616e-01 5.090856325915938708e-03
1.156745979733388441e-01 5.841281814911739034e-03
1.279148065130166489e-01 7.021445642834628700e-03
1.237890419954939675e-01 6.925006930609618055e-03
