5.123870177978015342e-04 9.472350232210953415e-04
4.196000527881720184e-03 6.941256033362037774e-04
1.337661136271355369e-02 7.792329948693732262e-04
1.543501373189951065e-02 9.536767054068699418e-04
1.651376673039088930e-02 1.003567289647491236e-03
1.707174300321728441e-02 1.041733440546307315e-03
1.666855942463056628e-02 1.120929257143250379e-03
1.493797700530728051e-02 1.096012442213001835e-03
1.183986281842907065e-02 1.047417562984809735e-03
9.359120151673550742e-03 1.133116796899468273e-03
6.491425557085341719e-03 9.239474394411853128e-04
9.305564775462342453e-04 1.092044566433098473e-03
-4.720988138001690551e-03 1.533238940170233468e-03
-1.065880488835431114e-02 1.821895714634163502e-03
-1.817250352376198128e-02 2.580051584180189338e-03
-2.550070571045031861e-02 3.295749000503445537e-03
-3.889634888873228641e-02 3.630684710765442504e-03
-5.043873662498071092e-02 5.275145034011361617e-03
-5.491063560308622610e-02 6.484657678980087873e-03
-6.295965782141449418e-02 7.960719147449127342e-03
