-9.782577071164200600e-04 4.928200061915003274e-03
3.457209600084020385e-03 2.858086675699527280e-03
1.218122582282129759e-02 2.487387225533526074e-03
1.230224147025901077e-02 2.294000991876765216e-03
1.943790249642474155e-02 2.157252822126354969e-03
1.796792602723190982e-02 2.113989724056286428e-03
2.044023821753037512e-02 2.063395487462592413e-03
1.958062960560396845e-02 2.099982305746635712e-03
1.935552469639141224e-02 2.157240505834750761e-03
1.463401452179812802e-02 2.326332835225605224e-03
9.195759539759772866e-03 1.859218545841596470e-03
-1.449207644903827271e-03 2.174821764770875493e-03
-8.340470082091433479e-03 3.072083240903724678e-03
-2.118823079210769428e-02 3.740889354611874867e-03
-2.843746256107989104e-02 5.140573042051769029e-03
-5.042627027518722937e-02 6.793069937487860449e-03
-6.044006585698801642e-02 8.590649939355135892e-03
-9.136490383353074174e-02 1.293586144606878943e-02
-8.327127182563653918e-02 1.841692321129885859e-02
-9.210138424841844695e-02 2.529142339544798029e-02
