1.050874575944501198e-02 4.639546363853711518e-03
5.621991069924709046e-03 2.404090587087853378e-03
1.953849837976801354e-03 1.946033694299328324e-03
2.357423702187535098e-03 1.744167152746088590e-03
2.282066126463886205e-04 1.714784798021324382e-03
3.303180963732682811e-03 1.659303491905945007e-03
5.365223377563217363e-03 1.696651853115925318e-03
7.444196989272935418e-03 1.663045071301601707e-03
1.372245371320365490e-02 1.707076751297315455e-03
1.806991360921397782e-02 2.022608597411686485e-03
2.261664103832870809e-02 1.874561761367172933e-03
3.281891306468348590e-02 2.345030013752239482e-03
4.212336880704680570e-02 2.948754895762253480e-03
4.867460358438939483e-02 3.821377452407384925e-03
6.195725037145408814e-02 4.858425034247064803e-03
8.176734898541215824e-02 6.360104226613216144e-03
9.492602583709790209e-02 8.567293152426238428e-03
1.043820084262081782e-01 1.233991059207362184e-02
8.451765413596150356e-02 1.566589525073946998e-02
9.281141940782788868e-02 2.222662978538560499e-02
