-1.212005450147438795e-03 3.675921184280382583e-03
2.320165782853964281e-03 2.241711326226954269e-03
5.089049266644969996e-04 1.823872229928285432e-03
2.377798718716412317e-03 1.562762477599665637e-03
5.348053272017695876e-03 1.554812875018578462e-03
6.030640733529523019e-03 1.582794629844666220e-03
1.024376428403314145e-02 1.561310732169352055e-03
1.613993009967738118e-02 1.782876109331275232e-03
2.175619112737149294e-02 2.074479891748646446e-03
3.050658043439513634e-02 2.288074580483375527e-03
3.789470745545505531e-02 2.390129966549467150e-03
4.790435562439385869e-02 2.777771237664533079e-03
6.208054860889154758e-02 3.623840485589985456e-03
7.520515590594899213e-02 4.422967005827639457e-03
8.840600859057221039e-02 5.775637031643411114e-03
1.019510501829708482e-01 6.458220517432455149e-03
1.073012795580335077e-01 8.293634790443375066e-03
1.190384933941131679e-01 1.089508679702645179e-02
1.182028846907691305e-01 1.534243249459796114e-02
1.360758109766485591e-01 2.197303584755357433e-02
