1.367177781876342119e-03 7.115533889389633396e-03
1.555849949061759727e-03 4.005601083906542431e-03
7.305526480661135580e-03 2.987556297898727974e-03
5.236123874831118651e-03 2.782966861603286979e-03
1.645674170297102773e-03 2.576701107854706754e-03
7.791930033085174220e-03 2.374383236680458961e-03
6.601435032862174035e-03 2.645817616798244384e-03
1.243205381138989818e-02 2.753825797794546681e-03
7.392360586609477736e-03 2.793981255058600177e-03
1.168020785530346148e-02 2.857023657712521800e-03
1.177453869434174315e-02 2.325043183155326570e-03
2.144378918631469066e-02 3.170145876340730098e-03
2.683436480517500944e-02 3.349385584392257538e-03
2.539382313204346237e-02 4.658306916473292300e-03
3.432985838326742256e-02 6.960939016327022388e-03
3.743171329419780341e-02 8.970832565509730822e-03
5.824073558677377721e-02 1.228363111112690774e-02
9.173347384336044685e-02 1.748791827724245629e-02
1.252437328248115489e-01 2.609660148201650015e-02
1.076614605114783879e-01 3.747137104199814439e-02
