-1.816313198478010675e-03 3.948078977486444915e-03
4.712215592747029044e-03 2.110597812908628079e-03
3.731863746190707942e-03 1.870121243226008974e-03
4.079141505315032543e-03 1.603740753824531859e-03
1.287053394059349022e-02 1.599207159908262255e-03
1.918642526327987360e-02 1.574614968757939541e-03
2.948478764651121797e-02 1.823475735984948082e-03
3.484489795123486833e-02 2.040185623581968963e-03
4.564132994023648721e-02 2.345486024013152503e-03
5.365058285084464695e-02 2.660668123287006186e-03
6.385749565782262993e-02 2.892839531685225275e-03
7.871541359227490764e-02 3.598751003301340831e-03
9.165672098692635716e-02 4.191006990302216691e-03
1.016645595600587648e-01 4.895975568407226128e-03
1.151485055305747213e-01 5.513755627449188484e-03
1.262364133655246856e-01 7.000436757222204716e-03
1.284715400240559469e-01 7.821606723580686732e-03
1.514000619101867340e-01 1.125237484271952165e-02
1.472908108685481998e-01 1.564091344194857083e-02
1.457224672172591495e-01 2.048839599295535982e-02
