5.741126151893711192e-04 9.692722697086206436e-04
4.213743118950530678e-03 7.046434416412717533e-04
1.352967408581850876e-02 7.965503589328640438e-04
1.581405575294604626e-02 9.915437719281712352e-04
1.633103130817850634e-02 9.765550021184634354e-04
1.668140406656331079e-02 1.083349845806556898e-03
1.590888783473498255e-02 1.180486549990285424e-03
1.345908809360435790e-02 1.132035549976837712e-03
9.227622028335148024e-03 1.127036265852307496e-03
6.589776153160195778e-03 1.323307574115514156e-03
1.552334770425143435e-03 1.175020183663146901e-03
-6.319283135333288171e-03 1.570419648488164191e-03
-1.827066920414974899e-02 2.467647972299024609e-03
-2.992443104950194208e-02 3.259424853213951229e-03
-4.399991334531890702e-02 4.419754220711879025e-03
-5.080967409702061982e-02 6.115366003322399331e-03
-7.886808332478137396e-02 9.237006112674908329e-03
-8.371638571259033823e-02 1.132292731007929036e-02
-7.936324361113628045e-02 1.661246221794835179e-02
-8.711868617286430694e-02 2.279381844324845224e-02
