7.454797973988518730e-04 8.565286685258076925e-04
3.580036488434478500e-04 5.948859272017247620e-04
1.169124483926787649e-03 5.182410296860319671e-04
2.860628836820389934e-03 5.627913263810993246e-04
4.227439962066200513e-03 5.991387937034915300e-04
7.940875150133357152e-03 7.743145033888149120e-04
1.054532549947304922e-02 8.976167962632491905e-04
1.416919926620138249e-02 1.066610307996348431e-03
1.885842397138390997e-02 1.270948208108645811e-03
2.254181917229802767e-02 1.522904630244173311e-03
2.886535467058758825e-02 1.671343232742436916e-03
3.749062359551573465e-02 2.265485477509793667e-03
4.704025251772276511e-02 2.758159748217040453e-03
6.092683720959990445e-02 3.756209957600287631e-03
7.354252053702851899e-02 4.506048580849440072e-03
7.771212467653025591e-02 5.954468171014261867e-03
8.592114086121685479e-02 7.748266943722122331e-03
1.096401283452673042e-01 1.087155290495219438e-02
7.907357805075651558e-02 1.376088612059483615e-02
1.144441987975354375e-01 1.818464345464598786e-02
