3.911247415244718893e-04 7.350682536170204682e-04
3.422762363646226613e-03 5.207599247165592719e-04
1.170904217301743308e-02 6.543045141311297887e-04
2.071378191158186957e-02 9.910810069889833870e-04
2.920319161477548039e-02 1.314977301827235240e-03
3.683925231803685668e-02 1.518495118456452677e-03
4.566578419723030940e-02 1.932500134512835088e-03
5.406086565098095625e-02 2.323533154418857497e-03
5.869284213202308892e-02 2.493045441210861406e-03
6.693692964217885788e-02 2.854726459883548482e-03
7.566124383508374129e-02 3.171297571360761659e-03
8.872768508673750665e-02 3.675278906514130826e-03
1.018782371077942284e-01 4.182992033307924087e-03
1.119419465319990564e-01 4.948542727665474969e-03
1.181025617168760394e-01 5.582792894778729025e-03
1.305909249748098688e-01 7.023345776874989101e-03
1.367182373303540699e-01 8.053170810137540506e-03
1.360381004950657058e-01 1.026680516448385920e-02
1.253794208331466542e-01 1.262638832492330061e-02
1.402620066294250900e-01 1.676363262943453974e-02
