-1.065241099470841260e-03 1.377267077082952162e-03
3.645550117812239679e-04 8.539322638981695478e-04
5.638908508152000280e-03 8.336511591586722759e-04
7.920726835009026662e-03 9.921082212959266879e-04
7.698900194440223312e-03 9.335910048526675298e-04
7.043425987432296378e-03 1.035947767945323604e-03
1.002627966341866628e-02 1.331068484541832360e-03
7.693993849429679906e-03 1.487815738844922714e-03
1.042762464681153828e-02 1.629548595026110609e-03
1.201371998337984713e-02 1.720949193769211009e-03
1.332311679178012007e-02 1.622616473984906564e-03
2.280530026503328755e-02 2.237810529273462096e-03
2.927054943292736050e-02 3.191901679761707019e-03
3.433445458730599587e-02 4.259517322553960962e-03
5.289420045678100424e-02 5.743714862541598500e-03
5.494791848140787721e-02 8.764298972599943519e-03
6.717917548776464187e-02 1.109345396131774207e-02
6.420501744644713238e-02 1.555922348974684774e-02
4.894567173968530222e-02 2.171573704670591229e-02
-5.921526484175674253e-03 2.860319592836476146e-02
