-7.627278834975406881e-04 7.886876745353696644e-04
-5.788439628065475970e-04 5.191597521917264884e-04
2.328180706013643388e-03 5.064179264056536869e-04
6.497282702847074001e-03 6.415848369854676436e-04
1.061167833138158823e-02 7.705471448400504422e-04
1.516843241532780592e-02 9.832910680131928035e-04
2.326938194289381728e-02 1.364487237371704706e-03
2.675100698232309171e-02 1.483715707465210146e-03
3.225119493282568167e-02 1.714775678063060541e-03
3.742946805397241727e-02 1.958198313872294444e-03
4.623347634773537773e-02 2.290090744838583006e-03
5.595031373561851207e-02 2.772290197093453274e-03
7.090828383968350579e-02 3.770980308082682794e-03
8.465272378985934376e-02 4.482769185907019109e-03
9.037337810350463962e-02 5.191024004505308265e-03
1.013697206599596112e-01 6.507362290440210986e-03
1.203239361918045369e-01 8.069603217021908970e-03
1.074876373174019073e-01 9.668327625882469981e-03
1.169287012439371859e-01 1.352151539989804828e-02
1.145805962797854793e-01 1.893622682420025016e-02
