1.746183885842121641e-02 2.453462619513870416e-02
3.114585823974446929e-02 1.239596532500519994e-02
3.026553160633584094e-03 1.002968956303577734e-02
3.543188267014419756e-03 7.519347944544400170e-03
2.214170700278279922e-03 7.167429073305677835e-03
7.985263116844320067e-03 6.974092351199453511e-03
-1.501657736642183930e-04 6.340488305600908321e-03
-3.387750971551660141e-05 6.203836415059664489e-03
-1.593967670849250453e-03 6.910056554981906275e-03
2.067020806479294770e-05 5.987856714952028737e-03
-2.485386706255667140e-04 4.273441935868862659e-03
5.382749148743355347e-03 4.153653355574990665e-03
1.983370063855963150e-02 4.182799137664052966e-03
1.660581485626805645e-02 4.823306508982059919e-03
1.632754942256690531e-02 5.318961361885977436e-03
2.580617501294696012e-02 6.455976799031150695e-03
4.247148565445731105e-02 7.582511809402953627e-03
3.589539822237592520e-02 1.031635896991574264e-02
3.349037405003326556e-02 1.178529405326184457e-02
6.520530684219495721e-02 1.548164407891545157e-02
