2.258972134449075287e-03 1.282689450580348431e-02
1.016640520166262708e-04 7.426330032753011325e-03
2.475300132259149535e-03 5.686848588370599193e-03
-2.202513993865353858e-03 4.904554622940056514e-03
-8.515593484140550904e-04 4.210947439386498146e-03
5.602901040241950372e-04 3.764723080446097901e-03
1.722462746660780421e-03 3.839483216413341546e-03
6.605825985546055421e-03 3.664141581371579016e-03
9.449701475893954039e-03 3.432737022127336363e-03
1.285240163922071223e-02 3.063881903999621324e-03
2.302478660244503678e-02 2.691926190579718107e-03
3.835076073144519371e-02 2.735259100644430591e-03
5.748412753548053783e-02 3.337674481505771996e-03
6.736222874049797860e-02 3.660466661971145241e-03
8.193208189502759753e-02 4.523134290528692952e-03
9.500435463351866727e-02 5.081520748534390682e-03
1.055692173577311155e-01 5.999990179934779067e-03
1.020054710401660791e-01 6.914129050525136787e-03
1.314735838622473063e-01 8.232491930955583223e-03
1.272081575284318700e-01 9.254715546294641632e-03
