-5.731421455595499259e-03 1.892232357477637017e-02
8.801895842759113048e-03 9.869048895343785280e-03
1.156437482934271656e-02 7.226523426092893929e-03
9.672439368954469097e-03 6.908630481600055648e-03
5.851479361447736900e-03 6.147974925836025527e-03
2.698693030241938740e-02 5.191307321715250833e-03
1.550200384831942023e-02 5.272091766725834315e-03
2.441435389623919372e-02 5.131362510004092332e-03
1.366169585153238254e-02 4.884584544980737596e-03
1.177644364584651791e-02 4.821223402349119648e-03
2.334588330892388430e-02 3.238390345191132468e-03
2.414794994993472999e-02 3.302702608135130169e-03
2.168327264494947920e-02 3.265124125629048288e-03
1.509278669974230269e-02 3.533224122351154989e-03
2.797773653336278234e-03 4.142994525577411991e-03
-1.501652997357624288e-02 4.649757970059918699e-03
-2.155779016521754826e-02 5.212051566418522859e-03
-4.399507977119383045e-02 7.152935838045012748e-03
-5.530834968776524724e-02 9.370638536583212469e-03
-6.004140639873585539e-02 1.111249726756318237e-02
