1.827111472669114278e-02 1.241198927508906785e-02
3.910704826168264966e-03 7.629379785654679703e-03
4.676024280942964184e-03 5.432507276621513503e-03
-5.585675088243148047e-03 4.922049960286031638e-03
7.826089117106862017e-03 4.685182290357491064e-03
3.423457565173566777e-03 4.155141494299882492e-03
-6.701433605848713775e-03 4.253314003243562763e-03
2.904812078611129864e-03 3.580102756482629513e-03
-7.306820288608307937e-04 3.415547509486327373e-03
7.355929413408002042e-03 3.756295857414083516e-03
4.463379902789711869e-03 2.313070678952268942e-03
1.593874101403092852e-02 2.460021447204282456e-03
2.762718525024874389e-02 2.587556696408592222e-03
4.056011431547665302e-02 3.377125635125658148e-03
5.380443918101917439e-02 4.078453206373944089e-03
6.531145231564773612e-02 4.805255823661814564e-03
8.036770721883675084e-02 5.479967204228026502e-03
8.576246440402598981e-02 7.087249228954258656e-03
9.769810618665217272e-02 8.369053711726222658e-03
9.790455536419272187e-02 9.606110338555334111e-03
