2.597636447837291945e-02 1.426844110194357487e-02
4.129684408240653741e-03 7.985445343418381275e-03
9.770477511333469992e-03 6.890273483399154617e-03
7.424969579728810110e-03 5.888517631053699110e-03
6.233162771984153243e-03 4.872679938569443939e-03
-2.359946015913540478e-04 4.924672517667416476e-03
1.384192139281534024e-03 4.257374483577856111e-03
-2.482939482014674465e-04 3.843712148620992679e-03
3.198261128890268236e-03 4.145415411995666266e-03
2.375037888983944166e-03 3.660206499697504778e-03
3.570146996911647153e-03 2.398362034401691802e-03
6.071812442194611872e-03 2.746229556320657281e-03
1.435918435971840143e-02 2.788733985776706194e-03
2.648249924153598875e-02 2.975712261820601372e-03
3.469963573357576214e-02 3.528424664706042001e-03
4.251175480372719473e-02 3.951883167804981500e-03
5.255617606702740058e-02 5.202507526623565380e-03
7.112307131802227123e-02 6.584545354385040218e-03
9.138194931476890936e-02 9.104121722191405378e-03
9.086101840814006514e-02 9.892487795219910909e-03
