-2.737524496710744878e-03 4.120430734703570824e-02
1.042977643841361268e-02 2.868752009876752301e-02
2.686952317631934907e-03 2.102574022148227459e-02
-6.008450979739127749e-03 1.767372138813269600e-02
4.207752653394047568e-03 1.456498532338372683e-02
1.035403791597628220e-03 1.285804640536197981e-02
-6.136952274236962880e-05 1.271044920596766520e-02
-3.428971427946069482e-03 1.281723707785029434e-02
8.777094830998925096e-04 1.068124435747999992e-02
9.246811366216039010e-03 1.032054143791720849e-02
4.858498938906771389e-04 6.908313627894460511e-03
5.967917048185000578e-04 7.060054336682167891e-03
1.981809448437931928e-02 7.011742384828881063e-03
2.677619757445233103e-02 7.070120672586151754e-03
3.424880851616338845e-02 7.784770618753353993e-03
3.242353914683426125e-02 8.017577128693154781e-03
5.576417391758650005e-02 9.758357444691272142e-03
4.505465326849199953e-02 1.167992654811468058e-02
6.856309916255731718e-02 1.384052728797387742e-02
7.886757340216341006e-02 1.756414631662969739e-02
