-4.248172674341666420e-03 3.949382979393653570e-02
2.228929124180825325e-02 2.426192452005138805e-02
1.145881768779936742e-02 1.718899878746348725e-02
-7.767939663453118362e-04 1.524347689981372413e-02
-2.532310447988891499e-03 1.363075666415469560e-02
-7.847089166686655164e-04 1.203905751929518556e-02
1.078614887676572834e-02 1.171239015818705508e-02
1.448405332474927629e-02 1.059387242960632344e-02
-1.096391627940557396e-02 9.583771242633409501e-03
2.317743662176860453e-02 9.288762386847419436e-03
1.931179040042052888e-02 6.108866783174036162e-03
2.724223203267391383e-02 6.596228935284841749e-03
4.638881496442043978e-02 6.192336819552343198e-03
5.728011121430989089e-02 6.349721372807858380e-03
6.731003920459761869e-02 7.528183031934679650e-03
8.264920685860877025e-02 7.665211753626066833e-03
1.002427627399446602e-01 1.008882368566587848e-02
1.082898072364560094e-01 1.175744939189743259e-02
1.259505110020225638e-01 1.257082116453440458e-02
1.322495082805509869e-01 1.611101919245388689e-02
