4.410668351987336380e-03 4.884527222309763272e-02
2.597921502880207525e-03 3.318304065129169811e-02
2.075389361648736705e-02 2.323557922995812472e-02
3.918368742277670430e-02 1.882443152926522104e-02
1.585841152044173419e-02 1.709356520279419964e-02
2.447537120764536195e-02 1.619923953374545131e-02
1.584525374489182542e-02 1.453444201184813690e-02
1.361315003899066060e-02 1.423975351532471081e-02
1.062955977573910339e-02 1.254964066342373341e-02
3.579967455669060689e-02 1.275708697135582818e-02
3.353524665607553190e-02 8.062162085477527287e-03
2.610567309244494691e-02 7.695292827147193898e-03
2.954372092158909571e-02 8.136482760149589544e-03
2.968568906417076367e-02 8.569368434494762168e-03
1.498711339668390430e-03 9.227861502414716130e-03
-9.634476611964554876e-03 1.042380736464963188e-02
-1.970011290871240967e-02 1.100379580747691717e-02
-1.865974684952950019e-02 1.335882097974435204e-02
-6.523815055598279622e-02 1.809065707394170996e-02
-6.490685104127338900e-02 2.117085409528288512e-02
