4.459735049266846246e-02 7.556230469488597890e-02
-3.156722798824984633e-02 4.346722551144374669e-02
2.162777640233438936e-02 3.013629008473813278e-02
1.422469769246137439e-02 2.481060234580118387e-02
1.147010470205795177e-02 2.339085617341116197e-02
-4.271245541702688685e-03 2.236543649295425276e-02
9.813041662800749826e-03 2.003096630430691374e-02
4.209053795334245437e-03 1.784216222345460720e-02
1.561425923330742992e-03 1.523730494016801995e-02
4.604658897562626842e-03 1.566912326945127387e-02
9.317577693811935485e-03 1.111200083936462156e-02
3.745699015957968249e-04 1.072278124727019805e-02
-9.316061258227996758e-03 1.066075813969616197e-02
1.405474636017160599e-02 1.107038013640508634e-02
1.330859883104644481e-02 1.166274442612242473e-02
2.399513438493958498e-02 1.274630657994974339e-02
3.356048065890386567e-02 1.605840974000255147e-02
3.645499769059756812e-02 1.853254171812920847e-02
2.270370783032715084e-02 2.233755875961285914e-02
6.172348652735284470e-03 2.659988509602921949e-02
