-2.456497086101272140e-02 4.113606863377987366e-02
6.956777846918837070e-03 2.642869332294139895e-02
1.198370487228847016e-02 1.798650260612560947e-02
-3.208740555887093591e-03 1.646085917244933042e-02
3.386149806596626052e-03 1.313351338915206938e-02
-1.622140903993239333e-02 1.166301343023354135e-02
-5.376507962283288630e-03 1.099461061981933489e-02
-3.573908686098338505e-03 1.071748809610857667e-02
-2.101524685421136962e-03 9.831957741518302166e-03
-5.989653312073773238e-03 9.530115295404192888e-03
6.047087821838783260e-03 6.167427371033671300e-03
-2.366274944200401267e-03 5.753334575302729639e-03
1.187483721075210420e-02 5.956297076525633206e-03
2.472434416402672155e-02 7.148846494070946848e-03
4.279429485881958151e-02 8.014329092643025787e-03
5.254094058625069508e-02 8.271595871783698692e-03
6.522698261132575670e-02 9.688608908792179994e-03
8.005824517918426475e-02 1.068235044951550139e-02
7.638060143609867736e-02 1.375888829530957057e-02
9.247908421947256818e-02 1.750727587788563841e-02
