1.331746117240934779e-01 7.079414406400814930e-02
-1.349495051248409717e-02 3.566043407530820192e-02
4.214077659791385516e-02 2.944605054098122301e-02
9.893109814076928021e-03 2.558342415709267265e-02
-3.905929279080992689e-02 2.257499564314766061e-02
1.553590626557713184e-02 1.917106674519713366e-02
4.701224911934952927e-02 1.823481365765550546e-02
8.192024693453188108e-03 1.766440332343091613e-02
9.330871789275571246e-03 1.702184034785670860e-02
-1.657736960197356280e-02 1.491325521384437823e-02
1.406664501875829615e-02 9.270958716619972714e-03
-3.793077575323220221e-03 9.363769078367570331e-03
2.280830937908502956e-02 9.280274147292832260e-03
2.180449336937794955e-02 1.033190345811548991e-02
2.476282105815552984e-02 1.004468556799902913e-02
4.485349694661630582e-02 1.138837017328965008e-02
6.339156692680283922e-02 1.260726989058497116e-02
5.075495788707554135e-02 1.421351522629809086e-02
5.702890789161733226e-02 1.751351010439325742e-02
8.472833096579764078e-02 2.115111954360896288e-02
