7.254397914546417865e-03 5.844972075621058388e-02
-3.521054983553401768e-02 3.406007626451234421e-02
1.071549688841573304e-02 2.743086049832142020e-02
-4.600762910090540336e-02 2.321717924369988070e-02
-4.317712196999110193e-03 1.936987362130994025e-02
-6.422579305842731658e-03 1.898673148819994203e-02
-8.983359936991704500e-03 1.765396008478370068e-02
1.373232834441658924e-02 1.499190271473779812e-02
3.035046678269797977e-03 1.371809387404291682e-02
7.946674386692063061e-04 1.504237143649683577e-02
1.235603384836500736e-02 8.639845630563554660e-03
2.168808288882773452e-02 9.301544546094414612e-03
2.538351023429461992e-02 9.164874643446410674e-03
2.767191024476490721e-02 9.005433694162959940e-03
4.302356185577434211e-02 9.574167820968407586e-03
3.328608813597844912e-02 1.014617994677029233e-02
6.923777982420951937e-02 1.172637710511738492e-02
6.272686249779226009e-02 1.382346285193138298e-02
8.522844656551528675e-02 1.622053656815046138e-02
9.920708903995643924e-02 1.871022538765838503e-02
