3.663066816058976882e-02 8.306734258390205405e-02
4.293272845449804670e-03 4.185618491927860924e-02
-3.521786506779749776e-02 3.682691363528559775e-02
-4.009135899532435127e-02 3.094203800592329814e-02
1.388832509992823580e-02 2.468760724666817577e-02
-5.203788225209456976e-03 2.271959467846314598e-02
2.532653013383004068e-02 2.176451712350888773e-02
2.125241758964716964e-03 2.100874097982185704e-02
3.690145709525150669e-02 1.747695814823260752e-02
4.947599742762814196e-02 1.682649960394464253e-02
3.619189311876255116e-02 1.157094568375450182e-02
2.901203528210431412e-02 1.072286346319829657e-02
2.147808146014671196e-02 1.151802199257472015e-02
3.591177851548710276e-02 1.161841475596090724e-02
2.021783142321807378e-02 1.189059826481028356e-02
2.900069880382859233e-02 1.358815421513873828e-02
-3.466448274963596782e-02 1.542863841560519929e-02
-2.091168396479544875e-02 1.763201815996439867e-02
-5.743986083579331187e-02 2.009538158933310906e-02
-4.846597658819606219e-02 2.517747618969480919e-02
