2.283134546002210941e-01 9.257564866560495653e-02
-8.495717083755498222e-02 6.205188978992465937e-02
4.559249918998782569e-02 4.416311805150961722e-02
4.342559727019692020e-03 3.787879377567417161e-02
-2.883213283447543310e-02 3.511147450845557988e-02
-2.536069947837227279e-03 3.148340347600524225e-02
-4.752868553449560163e-02 2.701131585258964921e-02
1.779219065085945947e-02 2.642456116644740019e-02
3.236647489532189920e-02 2.533590576087572585e-02
2.482136276206662814e-02 2.306588710953337562e-02
-3.403227144218776666e-03 1.550424619278385936e-02
-5.517397073642685973e-03 1.565324824143002683e-02
8.808200905807575185e-03 1.427492144667538362e-02
-7.465549476900840142e-03 1.560302966219975426e-02
2.449697475686428427e-02 1.598383314605651348e-02
-6.822198008122508546e-03 1.710919940780568360e-02
2.837069006915768745e-04 2.074594031512483686e-02
2.504363527250796223e-02 2.373884372923932423e-02
1.455991784630954015e-02 2.757860436310315827e-02
2.279173730422172015e-02 3.154325810958932136e-02
