3.854843836860884915e-02 6.852199378635862037e-02
-2.290970262259689472e-02 3.242341148675452478e-02
-4.411511612286514450e-02 2.707821371354786691e-02
-1.379275160618293784e-02 2.295894557260902066e-02
2.432937187792049913e-02 1.900272232984985196e-02
-1.611633496724584544e-02 1.760504254900360430e-02
2.765148898930671912e-03 1.696884606295137599e-02
1.834583212738107819e-03 1.551360996550911302e-02
2.527260136925617295e-02 1.493585222573739699e-02
3.810234742538663386e-03 1.339917230166633166e-02
3.015904690646777075e-02 8.278932089262246163e-03
2.917976750982296044e-02 8.225724541035811868e-03
3.230904478456458895e-02 8.551495889891975316e-03
6.320148720412782639e-02 9.126545560985912034e-03
6.724982480459998357e-02 9.310730078495898718e-03
4.667328012925724134e-02 1.035781537738374690e-02
7.981004872012391338e-02 1.204828930317902551e-02
1.013223346290069021e-01 1.434774670881046321e-02
1.304291233282168228e-01 1.749629004548874933e-02
9.286777202781633378e-02 1.819036633536113765e-02
