-8.898859055106064743e-04 5.039350261548054865e-04
3.463878867416536047e-04 3.329747091373742971e-04
3.150317214157995292e-03 3.233546096551862870e-04
7.534906459363741558e-03 3.885440901808278106e-04
1.304915184439959554e-02 5.914414755948359248e-04
1.938196947088475022e-02 8.218117196227151325e-04
2.634287580713183877e-02 1.064564793633130616e-03
3.335806520578688678e-02 1.355981650842152551e-03
3.959472356723655467e-02 1.599087693130547870e-03
4.547249060158618794e-02 1.869021455290305464e-03
5.338517149659018773e-02 2.148498155584743861e-03
6.194778005108647623e-02 2.539770461251890203e-03
6.848259494187322605e-02 2.813565108881003682e-03
7.399486547156901295e-02 3.121595358516457419e-03
7.872433946356233170e-02 3.337329210025830484e-03
8.206763946768233509e-02 3.836261140739994410e-03
7.976851747626224898e-02 3.995309841943795771e-03
8.373626882470418253e-02 4.877061493493060028e-03
8.406576877068153153e-02 5.735865336778749567e-03
7.835527197744775185e-02 6.663239765524105532e-03
