-7.185478977726891337e-05 4.931785410438871420e-04
-1.456311026959012777e-04 3.557225595551477071e-04
2.237408398848290524e-03 3.395445351251865675e-04
4.009808033007797139e-03 3.713096706680673112e-04
6.260389527662705081e-03 4.263491725099468319e-04
9.584206236610499918e-03 5.342152101141383214e-04
1.315815953991148271e-02 7.579147611676691990e-04
1.716538468440487186e-02 8.788123827848005757e-04
2.180750653676482784e-02 1.113120375309940456e-03
2.697846301350895898e-02 1.378756627089951226e-03
3.271018446427557264e-02 1.583578240895309975e-03
4.181840900119443427e-02 2.041012071226635301e-03
4.828203423881911177e-02 2.351399327690409206e-03
5.631174399613567139e-02 2.826711037956273088e-03
5.932232270996188467e-02 2.995435275068233667e-03
6.601089287080756651e-02 3.484434895412269299e-03
6.620077925259984508e-02 4.184301646867426457e-03
7.582185922036999148e-02 4.735234148269239392e-03
8.134118643464634257e-02 5.961683014060846844e-03
8.407215598454657879e-02 7.193011383266772509e-03
