-1.351711919711111537e-03 4.565371232967617128e-04
7.663337392576484441e-03 3.598112518330398015e-04
2.546886893393001880e-02 7.115879801272039689e-04
4.636679381620168600e-02 1.208593805725670855e-03
6.637793135496612706e-02 1.697756515068174011e-03
8.567257112639434236e-02 2.198024708182141213e-03
1.042192491594729070e-01 2.651890507319529331e-03
1.215567842408117050e-01 3.079395745402979754e-03
1.355691721950950113e-01 3.438810276223390992e-03
1.492209864867662938e-01 3.717000497778865254e-03
1.646113981263512827e-01 4.039731777771947939e-03
1.823197402121479738e-01 4.472987077048426116e-03
1.969226757987063148e-01 4.774409095919494861e-03
2.056759429479514401e-01 4.987140717381925714e-03
2.157748586848519945e-01 5.240704845848730142e-03
2.178955814013325831e-01 5.406344338980876782e-03
2.268562651166617095e-01 5.763208759549238308e-03
2.308567065282456088e-01 6.208345487510558494e-03
2.306834418600130499e-01 7.023328117335252314e-03
2.383964118390566045e-01 8.057956922134873468e-03
