-6.262856052760577613e-04 7.596834791499509822e-04
-5.086767345453991625e-05 5.023801166721533545e-04
6.046143024217470394e-03 4.950488379668531273e-04
6.487021878327266754e-03 5.451491845749215168e-04
7.945293166172850627e-03 5.907088480788183363e-04
7.371167274688243155e-03 6.665536800758060671e-04
8.653455896754810167e-03 7.141844248750097183e-04
1.034032887419721221e-02 9.064679506215021906e-04
1.192605206349863119e-02 9.946217816180012283e-04
1.560137544005892052e-02 1.076990473933014903e-03
1.644807094821056775e-02 1.079641911283307819e-03
2.019654166879493798e-02 1.407998462073673527e-03
2.587751520530939472e-02 1.832790291088613440e-03
3.049015372544471025e-02 2.215197334545334490e-03
3.337366501629763366e-02 2.714523261682087827e-03
3.925377594874707166e-02 3.349587314861577139e-03
3.253824034625617950e-02 4.244820768870643211e-03
4.180229511202372683e-02 5.542822523397689105e-03
5.171145266793301942e-02 6.948225898728658916e-03
4.969840939852883388e-02 9.991231563827238094e-03
