1.574007673579011024e-03 5.414056724998954091e-04
8.534685455246885516e-03 5.181266479039452763e-04
1.821874536105128062e-02 7.780746758712786667e-04
2.361257099778138122e-02 9.955467551690255507e-04
2.442394991051123967e-02 1.027223766813476716e-03
2.424803096100350969e-02 1.008651437926359187e-03
2.063126196469559914e-02 8.614958005381266647e-04
1.607656214310593246e-02 7.664580497510211461e-04
9.890598528131564968e-03 7.590027174763311086e-04
4.640792563945269310e-03 7.589012002983492808e-04
-5.656564478704792162e-03 7.380414837778518072e-04
-1.943655923788234138e-02 1.226714118757384845e-03
-3.031491708903515797e-02 1.720698036324729572e-03
-4.383947251023193742e-02 2.354416388769228850e-03
-5.918985967364829431e-02 3.181060148789098107e-03
-7.507549296287413521e-02 4.082236073141573031e-03
-9.510808705546378028e-02 4.905990241328805727e-03
-1.151762498182737626e-01 6.074276615008812087e-03
-1.320155553582824104e-01 7.225862758952273854e-03
-1.531270507747848897e-01 9.159943272308098197e-03
