1.805070916101027267e-03 3.545421509548887448e-03
3.100803296532718585e-03 1.943651987250231234e-03
2.220934143392721237e-03 1.631588604827256860e-03
4.830379232240108317e-03 1.514939777066964246e-03
4.407311960967439865e-03 1.460427088180308794e-03
6.083025316061562923e-03 1.416861254769872678e-03
8.768495605192858783e-03 1.599861987781182535e-03
7.375800120650443693e-03 1.709477372036283553e-03
1.229246340359776632e-02 1.857043781080312036e-03
1.487567606154513444e-02 2.003267101133404584e-03
1.642153013187344288e-02 1.769362608016773449e-03
1.965094329797231754e-02 2.398873742467936675e-03
2.473818425980256822e-02 3.050940819141495335e-03
3.018648117819346111e-02 4.394147191808475510e-03
3.232286859363562442e-02 5.890175836869687362e-03
3.125431537283777234e-02 8.405066817173255378e-03
2.396184816223981273e-02 1.227301853575809946e-02
3.061667990529450337e-02 1.594161481064507863e-02
3.061550957237142018e-02 2.299631748561895353e-02
1.366097531116699897e-02 3.220027483948262326e-02
