5.546116606571682879e-03 2.642953361030589508e-03
1.719134497677935261e-02 1.740920124618093806e-03
2.639522990781039205e-02 1.676032422624907552e-03
3.200018997271437959e-02 1.790428045368419032e-03
3.571225927112551407e-02 1.786276725862509908e-03
3.318401696989380784e-02 1.619747575657217581e-03
2.889127492012555712e-02 1.553779217953204454e-03
2.304145728223302991e-02 1.428779729485299237e-03
1.449629390266405672e-02 1.386834092913461630e-03
6.593845633297399852e-03 1.453888544207818535e-03
-8.931296222698417026e-03 1.406869529186111425e-03
-3.254079800840552900e-02 2.215766684172527316e-03
-4.799613704336786607e-02 3.037340328698433407e-03
-7.361645520762680195e-02 4.382948549667138420e-03
-9.574604901257563472e-02 5.711316469142965931e-03
-1.136800249306537669e-01 8.050062481817363974e-03
-1.165651263021823397e-01 9.425691744428895194e-03
-1.399623099767831891e-01 1.322808381510195107e-02
-1.719213305577796669e-01 1.794766538509972448e-02
-1.589294209306250372e-01 2.379985695580111305e-02
