1.111902042058193524e-04 2.196867351290959346e-03
2.123082484808023682e-03 1.280087660044375774e-03
3.526196780772784204e-03 1.095716308569847893e-03
5.277739594692341420e-03 1.007371371224098080e-03
9.625564772084484536e-03 1.039268746171629352e-03
1.660745310762673163e-02 1.160499917298441581e-03
2.473342934908750665e-02 1.324887625604893697e-03
3.046188795279308748e-02 1.565157524987972762e-03
3.988727997457393315e-02 1.892682220891587488e-03
4.591325471886809062e-02 2.167300705613774050e-03
5.373748354893347762e-02 2.350572672590320669e-03
6.474787677860137369e-02 3.001898370110237402e-03
7.131247296566016469e-02 3.410380011044975446e-03
7.637199074631872975e-02 4.030942174493421480e-03
7.847150806888890384e-02 4.794125460252957917e-03
7.959787896612452451e-02 5.993903728157038216e-03
7.936779229288459803e-02 8.252116296134445403e-03
7.709099611868962254e-02 1.101387557806408034e-02
7.830602701027138124e-02 1.480942235303142618e-02
8.633560181657141952e-02 2.121244242923746651e-02
