7.516142671984938610e-06 2.116260790486493119e-03
7.430195810664739012e-03 1.195365596256118147e-03
1.510615177898033332e-02 1.106502784283241959e-03
3.105989369593682020e-02 1.326043374402072336e-03
4.753124175338099139e-02 1.613301825180243725e-03
6.827123995861753003e-02 2.095411309408328534e-03
9.070254544612035841e-02 2.588035517698880541e-03
1.110432661125000942e-01 3.008290351402443004e-03
1.267666953736593660e-01 3.436283370710383443e-03
1.453210736136617831e-01 3.771586642160545174e-03
1.676414408591357097e-01 4.177347437832434895e-03
1.925415282703130671e-01 4.777257664324912820e-03
2.140657216439597887e-01 5.350512991080461599e-03
2.290274556046346666e-01 5.836349067114730664e-03
2.341483175887220380e-01 6.453241801071424658e-03
2.322911355660304544e-01 7.338895948307706460e-03
2.374623771245203407e-01 9.106066468488048168e-03
2.182094125960250541e-01 1.179223033456506045e-02
1.986930916154152349e-01 1.443121628924276707e-02
2.110074330544341181e-01 1.979510720584168326e-02
