-2.796017647694389041e-03 2.359249504676905630e-03
3.040549874966207156e-04 1.347923453611303470e-03
9.709152024406391595e-04 1.159110858489513073e-03
2.639911432266295668e-03 1.081102805979625723e-03
4.617943609689115388e-03 1.000436674642123146e-03
6.196516853523986734e-03 1.025131162791657847e-03
1.115609848131442726e-02 1.071534978208322358e-03
1.459941731554002461e-02 1.261576302686055837e-03
2.195309015060099844e-02 1.506401469239853231e-03
2.594410000422742862e-02 1.771887186649460412e-03
3.275254640741750295e-02 1.835273890946471443e-03
4.491869435843017649e-02 2.454457457193358425e-03
5.183958951504566426e-02 3.152213767539549776e-03
5.870209379341320005e-02 3.774669439019745498e-03
6.863821432147138024e-02 4.714779834083835525e-03
7.498034033300958467e-02 6.228931791273613523e-03
5.515621470202822230e-02 8.764193429500506324e-03
7.129780705266711149e-02 1.239581334850279465e-02
7.494036066076986691e-02 1.630680247757297988e-02
6.072987701808135047e-02 2.202064692410795124e-02
