1.357231273023067454e-03 5.484075447756863635e-04
7.952050810547357101e-03 5.121782655901932447e-04
1.742837502330588095e-02 7.494267525678739890e-04
2.240804125932068999e-02 9.408039549502628931e-04
2.203102322421369996e-02 9.451481242007658129e-04
2.117078031952498648e-02 9.340608462390719924e-04
1.653810421019884930e-02 7.770301678805951193e-04
9.997615959160485039e-03 7.461049470823692730e-04
2.641015681377735080e-03 8.565559967860802721e-04
-5.805456155183416969e-03 1.005446299451109859e-03
-1.845120239390845435e-02 1.249098582477856014e-03
-3.813024664498651517e-02 2.092069800078204863e-03
-5.324797366558732536e-02 2.798351123845750198e-03
-7.105144350062531089e-02 3.855797587204135794e-03
-8.399785261274970993e-02 4.758840245572291093e-03
-1.071021351178714776e-01 6.520472169494679823e-03
-1.264227555414507154e-01 8.845818244049582710e-03
-1.357766547440543703e-01 1.105984752853981200e-02
-1.524799237931013240e-01 1.473185648540136991e-02
-1.595967656657684974e-01 2.025957126970540784e-02
