-9.105268533228027617e-04 5.166730561768687578e-04
2.843016317576160974e-04 3.461420503232387610e-04
3.137739436833019042e-03 3.439279698011816371e-04
7.917312749142858125e-03 4.117239046620079185e-04
1.408446229562853973e-02 6.356749524530274980e-04
2.077711315687019722e-02 8.977560023915162266e-04
2.825926136464780927e-02 1.157538311104177198e-03
3.669361264022009961e-02 1.493963711105624100e-03
4.305618928291249370e-02 1.751685516111737336e-03
5.037673298870960076e-02 2.123019611354463442e-03
6.026065482591157901e-02 2.472374621535053732e-03
6.971942252976451315e-02 2.782307078399081854e-03
7.632376204615180793e-02 3.286671218402508008e-03
8.180398275871147984e-02 3.885398825263861131e-03
8.447996813272092009e-02 4.446421446325959578e-03
8.493372731353429628e-02 5.267055383831083758e-03
7.024703105827344307e-02 6.529926651285422427e-03
7.691981277571709186e-02 8.857543546194387302e-03
8.045453619349306196e-02 1.276472183526787887e-02
9.631469885712473644e-02 1.786409196904267457e-02
