-7.671214985940877319e-04 7.923585940739559953e-04
-2.385466187118457976e-04 5.233386166044348654e-04
6.434418901516238305e-03 5.201508780537236276e-04
6.802576368623729046e-03 5.838467695814785743e-04
8.529973503904348525e-03 6.618582506590906835e-04
7.848770696093930466e-03 7.393955286089550069e-04
9.046415759303516255e-03 8.226763982770182943e-04
1.169606821003439483e-02 1.055616399251569845e-03
1.252517189345575370e-02 1.205936401628762483e-03
1.755402955129964360e-02 1.401373716604432723e-03
1.768297107177243394e-02 1.405555555957059858e-03
2.334005908652562328e-02 1.814595548737602025e-03
2.873166834067136799e-02 2.632671572520590888e-03
3.912526113311352860e-02 3.621767080827068257e-03
3.472770608575291573e-02 4.614240146559188752e-03
5.577405352570780767e-02 6.460276863024648313e-03
4.113899614548122835e-02 9.820781714319911163e-03
1.142481533640306475e-02 1.281129155028204285e-02
4.042329733789490342e-02 1.898208952538062849e-02
9.342608611385210329e-03 2.610421636978759244e-02
