1.002208470956935570e-04 4.984441763721592956e-04
-1.966107589010854771e-04 3.643499893816105786e-04
2.353874199697178655e-03 3.565843190769733525e-04
4.343445377947337954e-03 4.026707027609135819e-04
6.797069998239287439e-03 4.707969681088418953e-04
1.066055199856485829e-02 6.054941573678113143e-04
1.447066286522159621e-02 8.532350358257280573e-04
1.993564363343479362e-02 1.052466835949128227e-03
2.500595706607742705e-02 1.306803658180371577e-03
3.144685386417109263e-02 1.613448651557487833e-03
3.923824507196523037e-02 1.934130905921157368e-03
5.025550667140129407e-02 2.537147791713319916e-03
5.770363515547986821e-02 2.901017320932554062e-03
6.259203075354199952e-02 3.547135320175216072e-03
6.490798876528691697e-02 4.311916963396256706e-03
6.412317003923630188e-02 5.165782287381197671e-03
6.587184017173380868e-02 6.818438947547086383e-03
5.900542972086496307e-02 9.000880105484708807e-03
7.022944071790063192e-02 1.404706968889330755e-02
7.541805922958250141e-02 1.912386372490277112e-02
