-1.380468212548698189e-03 4.728575861171610203e-04
7.713684273684183121e-03 3.726836307274390908e-04
2.673629493742273391e-02 7.431517565694003907e-04
4.915673918133488945e-02 1.271029197443997475e-03
7.154419787918279983e-02 1.810401346612562331e-03
9.283908113553750174e-02 2.354894143170911929e-03
1.131442997613790191e-01 2.855004762655059293e-03
1.331018154195336978e-01 3.345798007060951738e-03
1.501502937358852041e-01 3.780599351650772242e-03
1.662953238295112601e-01 4.109301252175251266e-03
1.845796954164634351e-01 4.495508118619337933e-03
2.065005800742433784e-01 5.013671704214247606e-03
2.203974164244262568e-01 5.298794247990149149e-03
2.235886472702193206e-01 5.415383990308174182e-03
2.305000250731454314e-01 5.947496018989324035e-03
2.147142013220677270e-01 6.602843091288418398e-03
2.174478005385956647e-01 7.645579779143428165e-03
2.158762607368711339e-01 9.595424273843586663e-03
2.288304315457937166e-01 1.316346974536649825e-02
1.888964471369292408e-01 1.713846618168107100e-02
