-2.355081959331295526e-04 7.095030021310363630e-03
-5.204912004817405062e-03 4.158589201518634107e-03
6.145870001422597826e-04 3.043902838322030090e-03
3.060593655895391292e-03 2.643702928076705708e-03
1.663468196139706234e-03 2.337919957995017450e-03
4.964632462133064528e-03 2.163336710767613680e-03
7.132628912226507238e-03 2.046768942912917909e-03
1.263994513746469033e-02 1.985187555988830298e-03
1.806513041639903894e-02 2.239436796174399009e-03
1.996300975800105459e-02 2.075976129506182898e-03
3.405796762701678027e-02 1.967489603760804156e-03
4.820229985755807717e-02 2.615069954719511595e-03
6.096020638354591320e-02 3.089205422557682670e-03
6.851547195762157372e-02 3.405160559300057180e-03
7.695144471536420616e-02 3.682964573482835381e-03
8.248402834533771766e-02 4.895693556291284311e-03
8.470334741990426242e-02 5.604162962225802715e-03
8.607864608260952510e-02 6.568265596235817010e-03
8.831378579001170070e-02 8.394447358919593025e-03
9.009450212876873865e-02 1.067884907998502275e-02
