9.000976079510239480e-03 1.078727258961124577e-02
-2.613585945961759745e-03 6.692473844374334339e-03
-9.067703313220042225e-04 4.426607671454685193e-03
-1.337954979816077588e-03 4.172335044325837378e-03
8.768295794530362244e-03 3.785583221357059335e-03
7.049037428739228332e-03 3.525777675590513992e-03
4.086733635300368248e-03 3.222098755559499143e-03
6.439796824394701177e-03 3.299090664963400064e-03
4.907896807313330036e-03 3.245023973343635383e-03
9.224567941891852196e-03 3.063396368101492778e-03
1.208281016596539706e-02 2.377414619213356374e-03
1.710495783830126570e-02 2.728222131874163264e-03
2.440729532494983686e-02 3.135576556761749279e-03
2.429166131482329502e-02 3.443194653655897320e-03
3.097565912992315124e-02 4.249261960296860964e-03
3.857737720061265446e-02 5.231341849090575223e-03
3.323236855922372807e-02 6.324981925082974986e-03
5.027432044836507852e-02 9.373971877472971059e-03
6.686596733423727512e-02 1.192368666163017531e-02
6.049098879998902195e-02 1.636890427991485528e-02
