6.740261258997878695e-04 7.829170592124987810e-03
2.655972493134908276e-03 4.305438525387944061e-03
4.113049522959077650e-03 3.241487779363537609e-03
-2.699903339010498518e-03 2.899627793898794034e-03
4.069050166451854415e-04 2.482485355534320287e-03
2.632866682744109711e-03 2.384614091412834078e-03
9.780357610803347510e-04 2.176457021946782196e-03
-2.877657862626644639e-03 2.255554873380740018e-03
4.680052129573516388e-04 2.068456580861861415e-03
7.555074295802446938e-03 2.146365551007522500e-03
1.322458103802718471e-02 1.703035808344111144e-03
2.482417721059677201e-02 2.015655114362893165e-03
3.676003887604598064e-02 2.628625687598061273e-03
5.310627783400088953e-02 3.386676088541731161e-03
5.684445505307340191e-02 3.618461112309684889e-03
6.616876173365172920e-02 4.373322577096541361e-03
7.587581548807638410e-02 5.707480091502138350e-03
8.201716498063661709e-02 6.602837885929930400e-03
8.801994781388786104e-02 9.310004999927972216e-03
8.405182557707024937e-02 1.117347567235030259e-02
