-2.838652847229501935e-03 6.772662976298371613e-03
5.988964308588046008e-03 3.923242318648204573e-03
9.229231738568988153e-03 3.093369904505644322e-03
1.245866762212641948e-02 2.561641945296622581e-03
1.284852839777925540e-02 2.274478788638411870e-03
2.204016219254135295e-02 2.308139050810688406e-03
3.665971834232248372e-02 2.323186995458302682e-03
4.697855632507803858e-02 2.543635104197465146e-03
6.472176840760807126e-02 2.757749568715470861e-03
7.941185761238131469e-02 3.027454497724791672e-03
1.036014430106089179e-01 3.193929503269458091e-03
1.372967214429624827e-01 3.959349815053796184e-03
1.679344527438277612e-01 4.695506908931967351e-03
1.903703435470696648e-01 5.279422615389283563e-03
2.091777861588995646e-01 5.591074759164528681e-03
2.206160088023556842e-01 6.068714821461707910e-03
2.385333507248144080e-01 6.697696958416409115e-03
2.390897984900605400e-01 7.749866896019175742e-03
2.374137705888728911e-01 9.022010490393113716e-03
2.537497890970455972e-01 1.116740055550497976e-02
