3.441189114174623195e-03 8.300881195029828630e-03
6.625879393576973413e-03 4.526560517223997791e-03
1.843587143779463686e-02 3.582770249996407134e-03
2.781786640693924284e-02 3.469099426415398445e-03
3.534569612719084403e-02 3.194470163189565195e-03
4.461972130273453296e-02 3.173052368918934454e-03
4.402763485086414602e-02 3.169662574444813505e-03
4.884360860716591840e-02 2.872580148730500150e-03
4.276388514628588766e-02 2.996081224152027066e-03
4.587982432907439234e-02 2.963610601899311844e-03
3.406003387520353809e-02 2.190333427362356911e-03
1.850313912310273118e-02 1.927982620971105876e-03
-4.930030312184040947e-03 2.231064617917327599e-03
-2.230568208652360801e-02 2.742545937126613168e-03
-4.726838572520344200e-02 3.770397185078357138e-03
-6.526930937389743836e-02 4.855886288915939146e-03
-9.982344959683635277e-02 6.247527443996098682e-03
-1.225749446480902255e-01 8.433348429669503335e-03
-1.460218851123220307e-01 1.038599961614595189e-02
-1.590706353768064352e-01 1.308605828320699715e-02
