4.182649470433250777e-02 2.666947378885389103e-02
2.220014490984899627e-02 1.540285248666521840e-02
2.574481781084821466e-02 1.123461446108141477e-02
3.716049443236356387e-02 1.017997403940423817e-02
4.136958057717512321e-02 8.522104406654575429e-03
4.720323407179863318e-02 8.257543719984028127e-03
4.986999334264301253e-02 7.346180011713021075e-03
6.704082777972253382e-02 6.814120226575583715e-03
6.719222221699683306e-02 7.048951396035603965e-03
7.052385368325331250e-02 7.191895651168418030e-03
4.305323068647667895e-02 4.968550754087815158e-03
3.867175493949163989e-02 4.846935052136655368e-03
2.681454060134428816e-02 5.440417458454856019e-03
6.633409936745351260e-03 5.169903402764054745e-03
-2.951650353399448354e-02 6.736434227434949691e-03
-4.551156076880585183e-02 7.365642652291407889e-03
-5.380018759211286500e-02 9.492192389704910693e-03
-1.111843939734670911e-01 1.154081896763810809e-02
-9.869007485311284689e-02 1.479070517940020077e-02
-1.433345032840364075e-01 2.032498075628187337e-02
