-4.046520647586171471e-02 2.296124357891226458e-02
-6.435757412297840249e-03 1.228226398615046323e-02
-4.029049994489397775e-03 9.871262027057202404e-03
5.024627729930578046e-03 8.353407109660220334e-03
1.247264184640874130e-02 6.722553144681157715e-03
1.968844800186689281e-02 6.510913933669347682e-03
3.395168966025835511e-02 5.788218690706772515e-03
3.481869139364335286e-02 6.152054676908516768e-03
4.532115735851428157e-02 5.921383627334436683e-03
6.270961213686236657e-02 5.991073007654349782e-03
8.837638495329838695e-02 4.516235579190514514e-03
1.164264283616102125e-01 5.159761150380598287e-03
1.454859963086290453e-01 5.520868429175136358e-03
1.702294164049773240e-01 6.669526411505217328e-03
1.932158911468129237e-01 6.914402907227337573e-03
2.086010686742132969e-01 7.944010617386358664e-03
2.327228062317696355e-01 9.298398432629499319e-03
2.471416504004611547e-01 1.035011862546442174e-02
2.269773035152085339e-01 1.361811660113733564e-02
2.551692817083571763e-01 1.653874960698374988e-02
