-2.880771582361126015e-02 2.544687117612114483e-02
-4.077466133642831253e-03 1.499197998587283899e-02
-9.763493130080326543e-03 1.084511386790555469e-02
-4.624428904871935933e-03 8.761739391194438981e-03
-1.764706106439407549e-02 7.776846063547125480e-03
1.275439426359647674e-02 6.882751475416961327e-03
7.329697641443308660e-03 6.950182424738202136e-03
5.749019924303743964e-03 6.298758108339866379e-03
2.482364623294801981e-03 6.550199545134915112e-03
7.726005662937305077e-03 6.109689515303644985e-03
1.567538825854783782e-02 4.274801964542947197e-03
2.276229999702932688e-02 4.217760191416871154e-03
3.385778644486827499e-02 4.868802987398237157e-03
5.179928521082410170e-02 5.746673426141809225e-03
5.266468456467181952e-02 6.495162393975051005e-03
5.994557714568415213e-02 8.037044797714137934e-03
5.945060386142028003e-02 9.036099118897269328e-03
7.213531637995773682e-02 1.114298797598487108e-02
7.351134696098599042e-02 1.397075737858000967e-02
8.639946462508857339e-02 1.853038676923848480e-02
