-2.979247832437216179e-02 2.440637066412601128e-02
-7.278782942031965589e-03 1.293888405091478747e-02
5.358645944848837613e-03 9.921630080424492446e-03
-3.362340734108251955e-04 8.370224754082725843e-03
-7.252458078586731995e-04 6.732233139552019040e-03
-6.892985077199770792e-03 6.772438288469337375e-03
1.119109336663790324e-02 6.319627797441051097e-03
1.322798031685364084e-02 5.784475795894059719e-03
7.267917653820372449e-03 5.627180764909445534e-03
3.142528278729168900e-02 5.664133277658097917e-03
2.494986838125009057e-02 4.147001908031219646e-03
3.982068159809598606e-02 4.322497487540575417e-03
5.836900473940871692e-02 4.663048967447987539e-03
7.027058954814208169e-02 5.246435033817963868e-03
7.381414840920032250e-02 6.397121847573280194e-03
7.520499685915885135e-02 7.354750210133141099e-03
7.727364982588329212e-02 8.391140028862797626e-03
7.713891844832194977e-02 1.031331448940919944e-02
8.569687923360509718e-02 1.311025958485228377e-02
4.501306378818162313e-02 1.674635705556334550e-02
