-5.287481427144156282e-02 3.690126230575343363e-02
6.593102644759867882e-03 2.067246925987466927e-02
-4.271417297038644124e-03 1.425778101599206073e-02
8.839221211142016602e-03 1.275135687114169192e-02
-1.726558840218142240e-03 1.116678841055407032e-02
-8.508691994869133773e-03 1.067235704385744062e-02
1.441729871593731100e-03 1.000096702216917224e-02
9.391862738036575384e-03 9.305044582226366240e-03
1.218283101993245313e-02 8.894163010893012256e-03
-8.222776691367483445e-03 8.968088660909914397e-03
1.727740195384565650e-02 5.995999641754661685e-03
8.893198923298996014e-03 6.462973318287604067e-03
2.072821192141467359e-02 6.573855410261774182e-03
1.949050825306938503e-02 7.175527590276849221e-03
2.727266720679773215e-02 8.735767035107975739e-03
2.713476575602880025e-02 9.575125745264961158e-03
3.580931184393593841e-02 1.235056412214864327e-02
6.426139984742804123e-02 1.517722072124368625e-02
4.116207647532064279e-02 1.960085660569163557e-02
6.471778214508844274e-02 2.643335683372839348e-02
