2.560062573555530255e-02 3.361196636922315906e-02
-9.389520756871747942e-04 1.915853405201006429e-02
8.481514145091878509e-03 1.458692698008447718e-02
1.321129149279724919e-02 1.202636228007515802e-02
-3.692553553109426210e-03 1.133424387400826065e-02
2.134455283338384385e-02 1.047253147902494144e-02
1.523954173689803446e-02 9.301824886725892569e-03
3.801516044703277808e-02 8.480304585576447715e-03
3.332835003316486633e-02 8.414263169898747799e-03
6.358833077252631916e-02 8.493338176144001744e-03
8.493300618774538013e-02 6.024065836779861870e-03
1.136827546592265453e-01 6.283471514457315832e-03
1.387101108792588855e-01 7.053948625183110131e-03
1.667365109484822416e-01 7.484094816574726403e-03
1.853384989202912503e-01 8.339645555164070662e-03
2.064000380289137404e-01 9.293553471976455718e-03
2.153836132908189815e-01 1.065534415707967107e-02
2.236181133725431980e-01 1.238655692694787952e-02
2.467880998507047119e-01 1.544468132640827197e-02
2.502548589059784834e-01 1.808325220108255790e-02
