-3.897527358433583444e-02 3.663842022535460097e-02
-1.873852643991083880e-02 2.144758189539283655e-02
-2.600954392291027727e-03 1.637455961142815497e-02
-5.135525592120079690e-03 1.324234777365718152e-02
1.162459983555382860e-02 1.249245861938490763e-02
1.732959558035255393e-02 1.062759247400606004e-02
2.027562883255933437e-02 1.000964467932473519e-02
1.672052056472863105e-02 9.302897571260015930e-03
4.312676812556855664e-03 9.344843363511892709e-03
8.340070937017999425e-03 8.908970661207606459e-03
1.003217988713368380e-03 5.974060908000839235e-03
2.049854980935070237e-02 6.196383901772629411e-03
2.965394433478604069e-02 6.364462832533323081e-03
4.453709607712411783e-02 7.160493833893868433e-03
3.789947322944146185e-02 8.057832549425731489e-03
6.514756075454851414e-02 9.212573274077899207e-03
7.363428136294340731e-02 1.110562614418907773e-02
6.108596053989634456e-02 1.237035506511699814e-02
8.580772867343269827e-02 1.535929731068625369e-02
9.475432548123523258e-02 2.114680271749953128e-02
