1.798153060281695859e-02 3.846476589337202712e-02
-1.457424002515663938e-02 2.237121773334755856e-02
1.611440973617938449e-02 1.774239458279234030e-02
3.543649753123778029e-02 1.495687849566503663e-02
3.336520414030578335e-02 1.387271265991598182e-02
5.173393233040618489e-02 1.221483952997818451e-02
5.117141794981058811e-02 1.132435579299590628e-02
6.638787653794124555e-02 1.009764376740499188e-02
5.943409808894622309e-02 1.009426661142582421e-02
7.291965093088530192e-02 9.875265558863925014e-03
4.787958217629445512e-02 6.714968164769824499e-03
4.693661499042189877e-02 6.846240308942665685e-03
4.089598329638159668e-02 7.134202501400908718e-03
8.459791429813781280e-03 7.695885550005531969e-03
-4.172035960501163133e-03 8.323228677257857658e-03
-2.985321965027673899e-02 9.658264139274723437e-03
-4.400565342716118017e-02 1.158832866658535653e-02
-8.349938070941723134e-02 1.351939993542028082e-02
-8.931038955909609278e-02 1.710677390153674676e-02
-1.374015502788957233e-01 2.181934592605112508e-02
