5.857731412343269300e-02 5.018564962164740600e-02
-1.330147072014592480e-02 2.899764145904872373e-02
2.965700936458589079e-02 2.407008606082014501e-02
2.114021273626845096e-02 1.975807668364911937e-02
4.197425883158230342e-02 1.859495878463130261e-02
-9.770479263236502357e-03 1.455266107266568569e-02
5.494995330292999462e-03 1.425293331661935808e-02
7.970885160358707686e-03 1.420353870113885177e-02
5.590190153401715899e-03 1.307953107560050343e-02
2.513001131581963157e-02 1.295739504943446176e-02
1.435473264349648552e-02 8.734024570846174104e-03
9.973268581368370522e-03 8.619817636393868263e-03
1.701094542489376207e-02 9.061549721907629501e-03
2.638784517361213514e-02 1.010948291582910302e-02
5.181427325819013691e-02 1.116466134060681813e-02
3.813898181708473556e-02 1.362475718607836922e-02
1.295409070319902302e-02 1.546704084153261403e-02
2.597384724800264749e-02 1.917355198012804518e-02
5.450403872455610033e-02 2.254176934970614221e-02
8.063791492300526054e-02 3.023432832531336434e-02
