-9.176690656815691613e-03 3.396188896435883148e-02
7.213960022262318889e-03 1.990444676926710760e-02
2.923417123111113521e-03 1.625779228842596028e-02
5.946506152566427214e-03 1.249965516636327399e-02
-1.195182645174026372e-02 1.102901279208744895e-02
1.372885208179942633e-02 9.972786165711639700e-03
6.696719478017296168e-03 8.741140968814299292e-03
1.242920369218057826e-02 8.334625542252414865e-03
1.518383348469384483e-02 8.344602584588571570e-03
1.183564261144986161e-02 8.385993896438072651e-03
2.164175424574253659e-02 5.959956757239903355e-03
3.577286659844817335e-02 5.813758913382544545e-03
5.230252098610273237e-02 6.364557850309641995e-03
6.136506136849915333e-02 6.792649457804095410e-03
6.922908799234331334e-02 7.371680433694722742e-03
8.571276998133862957e-02 8.793066559457255252e-03
7.500568075874031182e-02 1.030856740393644791e-02
8.971630475884004308e-02 1.211682689497032249e-02
9.433603650541790009e-02 1.509123330869167195e-02
7.899936076690977638e-02 1.976136195578562585e-02
